staticdata/example_data/sbe39_wpress.cnv
* Sea-Bird SBE39 Data File:
* FileName = C:\Users\strausz.PMEL\Desktop\2016\bering_downloads\16bsm2a_sbe39_992_39m.asc
* Software Version 1.59
* Temperature SN = 
* Conductivity SN = 
* System UpLoad Time = Oct 11 2016 21:16:46
** realtime: 211510
** inst time: 211432
*END*
start time =  05 May 2016  00:00:15
sample interval = 600 seconds
start sample number = 1
  8.0234,   -0.028, 05 May 2016, 00:00:15
  7.9049,   -0.028, 05 May 2016, 00:10:15
  7.9709,   -0.028, 05 May 2016, 00:20:15
  8.0860,   -0.028, 05 May 2016, 00:30:15
  8.1800,   -0.033, 05 May 2016, 00:40:15
  8.4526,   -0.042, 05 May 2016, 00:50:15
  8.7365,   -0.071, 05 May 2016, 01:00:15
  9.7027,   -0.089, 05 May 2016, 01:10:15
 10.3345,   -0.099, 05 May 2016, 01:20:15
 10.4398,   -0.104, 05 May 2016, 01:30:15
 10.5201,   -0.104, 05 May 2016, 01:40:15
 10.1627,   -0.104, 05 May 2016, 01:50:15
  9.9630,   -0.094, 05 May 2016, 02:00:15
 10.1234,   -0.094, 05 May 2016, 02:10:15
  9.7277,   -0.094, 05 May 2016, 02:20:15
 10.1087,   -0.089, 05 May 2016, 02:30:15
 10.0655,   -0.089, 05 May 2016, 02:40:15
  9.8675,   -0.089, 05 May 2016, 02:50:15
  9.5327,   -0.085, 05 May 2016, 03:00:15
  9.4890,   -0.080, 05 May 2016, 03:10:15
  9.5061,   -0.080, 05 May 2016, 03:20:15
  9.3634,   -0.075, 05 May 2016, 03:30:15
  9.1183,   -0.075, 05 May 2016, 03:40:15
  9.4723,   -0.085, 05 May 2016, 03:50:15
  6.8989,   -0.033, 05 May 2016, 04:00:15
  6.4069,    0.057, 05 May 2016, 04:10:15
  5.0831,   19.047, 05 May 2016, 04:20:15
  5.0780,   22.288, 05 May 2016, 04:30:15
  5.0649,   21.651, 05 May 2016, 04:40:15
  5.0262,   22.392, 05 May 2016, 04:50:15
  4.8558,   23.864, 05 May 2016, 05:00:15
  4.6777,   36.692, 05 May 2016, 05:10:15
  4.6760,   35.998, 05 May 2016, 05:20:15
  4.6813,   36.395, 05 May 2016, 05:30:15
  4.6939,   34.833, 05 May 2016, 05:40:15
  4.6729,   39.962, 05 May 2016, 05:50:15
  4.6519,   40.070, 05 May 2016, 06:00:15
  4.6534,   39.938, 05 May 2016, 06:10:15
  4.6554,   40.028, 05 May 2016, 06:20:15
  4.6528,   40.113, 05 May 2016, 06:30:15
  4.6519,   39.995, 05 May 2016, 06:40:15
  4.6514,   40.282, 05 May 2016, 06:50:15
  4.6508,   40.245, 05 May 2016, 07:00:15
  4.6531,   40.051, 05 May 2016, 07:10:15
  4.6537,   40.292, 05 May 2016, 07:20:15
  4.6526,   39.962, 05 May 2016, 07:30:15
  4.6503,   39.985, 05 May 2016, 07:40:15
  4.6675,   40.013, 05 May 2016, 07:50:15
  4.6763,   39.957, 05 May 2016, 08:00:15
  4.6739,   40.306, 05 May 2016, 08:10:15
  4.6826,   39.844, 05 May 2016, 08:20:15
  4.6691,   40.292, 05 May 2016, 08:30:15
  4.6588,   39.834, 05 May 2016, 08:40:15
  4.6699,   40.028, 05 May 2016, 08:50:15
  4.6537,   39.726, 05 May 2016, 09:00:15
  4.6632,   40.344, 05 May 2016, 09:10:15
  4.6412,   40.028, 05 May 2016, 09:20:15
  4.6609,   39.811, 05 May 2016, 09:30:15
  4.6702,   39.900, 05 May 2016, 09:40:15
  4.6729,   39.853, 05 May 2016, 09:50:15
  4.6727,   40.113, 05 May 2016, 10:00:15
  4.6627,   40.103, 05 May 2016, 10:10:15
  4.6603,   39.839, 05 May 2016, 10:20:15
  4.6187,   40.103, 05 May 2016, 10:30:15
  4.6087,   40.259, 05 May 2016, 10:40:15
  4.5372,   40.330, 05 May 2016, 10:50:15
  4.4394,   40.108, 05 May 2016, 11:00:15
  4.4719,   40.183, 05 May 2016, 11:10:15
  4.3613,   39.683, 05 May 2016, 11:20:15
  4.4001,   40.207, 05 May 2016, 11:30:15
  4.3535,   40.197, 05 May 2016, 11:40:15
  4.3273,   39.924, 05 May 2016, 11:50:15
  4.3506,   39.943, 05 May 2016, 12:00:15
  4.5463,   40.297, 05 May 2016, 12:10:15
  4.4659,   39.980, 05 May 2016, 12:20:15
  4.4916,   39.952, 05 May 2016, 12:30:15
  4.4081,   39.957, 05 May 2016, 12:40:15
  4.4302,   39.863, 05 May 2016, 12:50:15
  4.5803,   40.108, 05 May 2016, 13:00:15
  4.5631,   40.471, 05 May 2016, 13:10:15
  4.3654,   40.188, 05 May 2016, 13:20:15
  4.3976,   40.344, 05 May 2016, 13:30:15
  4.5857,   40.037, 05 May 2016, 13:40:15
  4.6209,   40.344, 05 May 2016, 13:50:15
  4.6353,   39.858, 05 May 2016, 14:00:15
  4.6699,   40.061, 05 May 2016, 14:10:15
  4.6749,   39.886, 05 May 2016, 14:20:15
  4.6618,   39.575, 05 May 2016, 14:30:15
  4.6706,   39.749, 05 May 2016, 14:40:15
  4.6722,   39.919, 05 May 2016, 14:50:15
  4.6522,   40.287, 05 May 2016, 15:00:15
  4.6525,   39.669, 05 May 2016, 15:10:15
  4.6497,   40.410, 05 May 2016, 15:20:15
  4.6539,   40.287, 05 May 2016, 15:30:15
  4.6498,   40.924, 05 May 2016, 15:40:15
  4.6491,   40.018, 05 May 2016, 15:50:15
  4.6518,   39.773, 05 May 2016, 16:00:15
  4.6500,   39.683, 05 May 2016, 16:10:15
  4.6503,   39.414, 05 May 2016, 16:20:15
  4.6927,   40.174, 05 May 2016, 16:30:15
  4.6881,   40.056, 05 May 2016, 16:40:15
  4.6849,   39.523, 05 May 2016, 16:50:15
  4.6729,   40.117, 05 May 2016, 17:00:15
  4.6766,   39.787, 05 May 2016, 17:10:15
  4.6909,   39.971, 05 May 2016, 17:20:15
  4.6951,   39.834, 05 May 2016, 17:30:15
  4.6813,   39.528, 05 May 2016, 17:40:15
  4.6789,   40.490, 05 May 2016, 17:50:15
  4.6736,   39.381, 05 May 2016, 18:00:15
  4.6822,   40.249, 05 May 2016, 18:10:15
  4.6805,   39.518, 05 May 2016, 18:20:15
  4.6919,   39.721, 05 May 2016, 18:30:15
  4.6969,   39.579, 05 May 2016, 18:40:15
  4.6861,   38.235, 05 May 2016, 18:50:15
  4.6526,   39.985, 05 May 2016, 19:00:15
  4.6526,   39.660, 05 May 2016, 19:10:15
  4.6536,   39.325, 05 May 2016, 19:20:15
  4.6543,   39.645, 05 May 2016, 19:30:15
  4.6511,   39.730, 05 May 2016, 19:40:15
  4.6561,   39.631, 05 May 2016, 19:50:15
  4.6506,   39.542, 05 May 2016, 20:00:15
  4.6607,   40.197, 05 May 2016, 20:10:15
  4.6681,   39.702, 05 May 2016, 20:20:15
  4.6504,   39.395, 05 May 2016, 20:30:15
  4.6513,   40.013, 05 May 2016, 20:40:15
  4.6502,   39.155, 05 May 2016, 20:50:15
  4.6615,   39.466, 05 May 2016, 21:00:15
  4.6732,   40.320, 05 May 2016, 21:10:15
  4.6950,   39.315, 05 May 2016, 21:20:15
  4.7228,   38.372, 05 May 2016, 21:30:15
  4.7388,   39.504, 05 May 2016, 21:40:15
  4.6915,   40.084, 05 May 2016, 21:50:15
  4.7469,   39.419, 05 May 2016, 22:00:15
  4.7256,   39.787, 05 May 2016, 22:10:15
  4.8097,   40.551, 05 May 2016, 22:20:15
  4.7498,   39.093, 05 May 2016, 22:30:15
  4.7886,   39.910, 05 May 2016, 22:40:15
  4.8051,   40.315, 05 May 2016, 22:50:15
  4.7515,   40.155, 05 May 2016, 23:00:15
  4.7238,   39.900, 05 May 2016, 23:10:15
  4.8949,   39.523, 05 May 2016, 23:20:15
  4.7448,   39.886, 05 May 2016, 23:30:15
  4.7534,   39.674, 05 May 2016, 23:40:15
  4.7532,   40.094, 05 May 2016, 23:50:15
  4.7542,   39.683, 06 May 2016, 00:00:15
  4.7502,   40.334, 06 May 2016, 00:10:15
  4.7993,   40.721, 06 May 2016, 00:20:15
  4.7676,   39.919, 06 May 2016, 00:30:15
  4.7512,   40.438, 06 May 2016, 00:40:15
  4.7448,   40.004, 06 May 2016, 00:50:15
  4.7571,   40.146, 06 May 2016, 01:00:15
  4.7599,   40.358, 06 May 2016, 01:10:15
  4.7542,   40.353, 06 May 2016, 01:20:15
  4.7379,   39.971, 06 May 2016, 01:30:15
  4.7233,   40.013, 06 May 2016, 01:40:15
  4.7147,   39.820, 06 May 2016, 01:50:15
  4.7098,   39.608, 06 May 2016, 02:00:15
  4.6262,   40.759, 06 May 2016, 02:10:15
  4.5453,   39.641, 06 May 2016, 02:20:15
  4.6325,   40.023, 06 May 2016, 02:30:15
  4.5646,   40.070, 06 May 2016, 02:40:15
  4.4773,   40.278, 06 May 2016, 02:50:15
  4.4369,   39.263, 06 May 2016, 03:00:15
  4.4225,   39.900, 06 May 2016, 03:10:15
  4.5546,   39.631, 06 May 2016, 03:20:15
  4.4372,   39.329, 06 May 2016, 03:30:15
