staticdata/example_data/sbe37_wpress.cnv
* Sea-Bird SBE37 Data File:
* FileName = C:\Users\foci\Documents\2018\fall_mooring_downloads\sbe37_2355.asc
* Software Version 1.59
* Temperature SN = 2355
* Conductivity SN = 2355
* System UpLoad Time = Oct 04 2018 00:15:11
** realtime: 001245
** instime: 001312
*END*
start time =  30 Apr 2018  14:01:23
sample interval = 30 seconds
start sample number = 1
  4.4372, 0.00002,   -0.094,   0.0015, 30 Apr 2018, 14:01:23
  4.4297, 0.00002,   -0.094,   0.0015, 30 Apr 2018, 14:01:53
  4.4209, 0.00002,   -0.094,   0.0015, 30 Apr 2018, 14:02:23
  4.4219, 0.00001,   -0.094,   0.0015, 30 Apr 2018, 14:02:53
  4.4187, 0.00002,   -0.094,   0.0015, 30 Apr 2018, 14:03:23
  4.4146, 0.00001,   -0.094,   0.0015, 30 Apr 2018, 14:03:53
  4.4117, 0.00001,   -0.094,   0.0015, 30 Apr 2018, 14:04:23
  4.4046, 0.00001,   -0.094,   0.0015, 30 Apr 2018, 14:04:53
  4.3978, 0.00001,   -0.094,   0.0015, 30 Apr 2018, 14:05:23
  4.3998, 0.00001,   -0.094,   0.0015, 30 Apr 2018, 14:05:53
  4.4026, 0.00001,   -0.094,   0.0015, 30 Apr 2018, 14:06:23
  4.4083, 0.00001,   -0.094,   0.0015, 30 Apr 2018, 14:06:53
  4.4018, 0.00001,   -0.094,   0.0015, 30 Apr 2018, 14:07:23
  4.4103, 0.00001,   -0.094,   0.0015, 30 Apr 2018, 14:07:53
  4.4222, 0.00001,   -0.094,   0.0015, 30 Apr 2018, 14:08:23
  4.4199, 0.00001,   -0.094,   0.0015, 30 Apr 2018, 14:08:53
  4.4199, 0.00001,   -0.094,   0.0015, 30 Apr 2018, 14:09:23
  4.4182, 0.00001,   -0.094,   0.0015, 30 Apr 2018, 14:09:53
  4.4137, 0.00001,   -0.094,   0.0015, 30 Apr 2018, 14:10:23
  4.4178, 0.00001,   -0.094,   0.0015, 30 Apr 2018, 14:10:53
  4.4052, 0.00001,   -0.094,   0.0015, 30 Apr 2018, 14:11:23
  4.3978, 0.00001,   -0.094,   0.0015, 30 Apr 2018, 14:11:53
  4.4119, 0.00001,   -0.094,   0.0015, 30 Apr 2018, 14:12:23
  4.4115, 0.00001,   -0.094,   0.0015, 30 Apr 2018, 14:12:53
  4.4020, 0.00001,   -0.094,   0.0015, 30 Apr 2018, 14:13:23
  4.4036, 0.00001,   -0.094,   0.0015, 30 Apr 2018, 14:13:53
  4.4150, 0.00001,   -0.094,   0.0015, 30 Apr 2018, 14:14:23
  4.4013, 0.00001,   -0.094,   0.0015, 30 Apr 2018, 14:14:53
  4.3915, 0.00001,   -0.094,   0.0015, 30 Apr 2018, 14:15:23
  4.3972, 0.00001,   -0.094,   0.0015, 30 Apr 2018, 14:15:53
  4.4017, 0.00001,   -0.094,   0.0015, 30 Apr 2018, 14:16:23
  4.3969, 0.00001,   -0.094,   0.0015, 30 Apr 2018, 14:16:53
  4.3864, 0.00001,   -0.094,   0.0015, 30 Apr 2018, 14:17:23
  4.3934, 0.00001,   -0.094,   0.0015, 30 Apr 2018, 14:17:53
  4.3929, 0.00001,   -0.094,   0.0015, 30 Apr 2018, 14:18:23
  4.3845, 0.00001,   -0.094,   0.0015, 30 Apr 2018, 14:18:53
  4.3781, 0.00001,   -0.094,   0.0015, 30 Apr 2018, 14:19:23
  4.3782, 0.00001,   -0.094,   0.0015, 30 Apr 2018, 14:19:53
  4.3808, 0.00001,   -0.094,   0.0015, 30 Apr 2018, 14:20:23
  4.3726, 0.00001,   -0.094,   0.0015, 30 Apr 2018, 14:20:53
  4.3874, 0.00001,   -0.094,   0.0015, 30 Apr 2018, 14:21:23
  4.3868, 0.00001,   -0.094,   0.0015, 30 Apr 2018, 14:21:53
  4.3740, 0.00001,   -0.094,   0.0015, 30 Apr 2018, 14:22:23
  4.3732, 0.00001,   -0.094,   0.0015, 30 Apr 2018, 14:22:53
  4.3792, 0.00001,   -0.094,   0.0015, 30 Apr 2018, 14:23:23
  4.3773, 0.00001,   -0.094,   0.0015, 30 Apr 2018, 14:23:53
  4.3814, 0.00001,   -0.094,   0.0015, 30 Apr 2018, 14:24:23
  4.3960, 0.00001,   -0.094,   0.0015, 30 Apr 2018, 14:24:53
  4.3988, 0.00001,   -0.094,   0.0015, 30 Apr 2018, 14:25:23
  4.3976, 0.00001,   -0.094,   0.0015, 30 Apr 2018, 14:25:53
  4.4196, 0.00001,   -0.094,   0.0015, 30 Apr 2018, 14:26:23
  4.4122, 0.00001,   -0.094,   0.0015, 30 Apr 2018, 14:26:53
  4.4017, 0.00001,   -0.094,   0.0015, 30 Apr 2018, 14:27:23
  4.4045, 0.00001,   -0.094,   0.0015, 30 Apr 2018, 14:27:53
  4.3916, 0.00001,   -0.094,   0.0015, 30 Apr 2018, 14:28:23
  4.3832, 0.00001,   -0.094,   0.0015, 30 Apr 2018, 14:28:53
  4.3928, 0.00001,   -0.094,   0.0015, 30 Apr 2018, 14:29:23
  4.3937, 0.00001,   -0.094,   0.0015, 30 Apr 2018, 14:29:53
  4.3787, 0.00001,   -0.094,   0.0015, 30 Apr 2018, 14:30:23
  4.3834, 0.00001,   -0.094,   0.0015, 30 Apr 2018, 14:30:53
  4.3825, 0.00001,   -0.094,   0.0015, 30 Apr 2018, 14:31:23
  4.3821, 0.00001,   -0.094,   0.0015, 30 Apr 2018, 14:31:53
  4.3907, 0.00001,   -0.094,   0.0015, 30 Apr 2018, 14:32:23
  4.3840, 0.00001,   -0.094,   0.0015, 30 Apr 2018, 14:32:53
  4.3806, 0.00001,   -0.094,   0.0015, 30 Apr 2018, 14:33:23
  4.3992, 0.00001,   -0.094,   0.0015, 30 Apr 2018, 14:33:53
  4.3865, 0.00001,   -0.094,   0.0015, 30 Apr 2018, 14:34:23
  4.3858, 0.00001,   -0.094,   0.0015, 30 Apr 2018, 14:34:53
  4.3765, 0.00001,   -0.094,   0.0015, 30 Apr 2018, 14:35:23
  4.3692, 0.00001,   -0.094,   0.0015, 30 Apr 2018, 14:35:53
  4.3625, 0.00001,   -0.094,   0.0015, 30 Apr 2018, 14:36:23
  4.3529, 0.00001,   -0.094,   0.0015, 30 Apr 2018, 14:36:53
  4.3694, 0.00001,   -0.094,   0.0015, 30 Apr 2018, 14:37:23
  4.3607, 0.00001,   -0.094,   0.0015, 30 Apr 2018, 14:37:53
  4.3440, 0.00001,   -0.094,   0.0015, 30 Apr 2018, 14:38:23
  4.3476, 0.00001,   -0.094,   0.0015, 30 Apr 2018, 14:38:53
  4.3361, 0.00001,   -0.094,   0.0015, 30 Apr 2018, 14:39:23
  4.3480, 0.00001,   -0.094,   0.0015, 30 Apr 2018, 14:39:53
  4.3496, 0.00001,   -0.094,   0.0015, 30 Apr 2018, 14:40:23
  4.3533, 0.00001,   -0.094,   0.0015, 30 Apr 2018, 14:40:53
  4.3414, 0.00001,   -0.094,   0.0015, 30 Apr 2018, 14:41:23
  4.3239, 0.00001,   -0.094,   0.0015, 30 Apr 2018, 14:41:53
  4.3336, 0.00001,   -0.094,   0.0015, 30 Apr 2018, 14:42:23
  4.3401, 0.00001,   -0.094,   0.0015, 30 Apr 2018, 14:42:53
  4.3401, 0.00001,   -0.094,   0.0015, 30 Apr 2018, 14:43:23
  4.3442, 0.00001,   -0.094,   0.0015, 30 Apr 2018, 14:43:53
  4.3321, 0.00001,   -0.094,   0.0015, 30 Apr 2018, 14:44:23
  4.3383, 0.00001,   -0.094,   0.0015, 30 Apr 2018, 14:44:53
  4.3328, 0.00001,   -0.094,   0.0015, 30 Apr 2018, 14:45:23
  4.3308, 0.00001,   -0.094,   0.0015, 30 Apr 2018, 14:45:53
  4.3458, 0.00001,   -0.094,   0.0015, 30 Apr 2018, 14:46:23
  4.3217, 0.00001,   -0.094,   0.0015, 30 Apr 2018, 14:46:53
  4.3291, 0.00001,   -0.094,   0.0015, 30 Apr 2018, 14:47:23
  4.3215, 0.00001,   -0.094,   0.0015, 30 Apr 2018, 14:47:53
  4.3275, 0.00001,   -0.094,   0.0015, 30 Apr 2018, 14:48:23
  4.3031, 0.00001,   -0.094,   0.0014, 30 Apr 2018, 14:48:53
  4.3016, 0.00001,   -0.094,   0.0014, 30 Apr 2018, 14:49:23
  4.3079, 0.00001,   -0.094,   0.0014, 30 Apr 2018, 14:49:53
  4.3126, 0.00001,   -0.094,   0.0014, 30 Apr 2018, 14:50:23
  4.3110, 0.00001,   -0.094,   0.0014, 30 Apr 2018, 14:50:53
  4.3028, 0.00001,   -0.094,   0.0014, 30 Apr 2018, 14:51:23
  4.3091, 0.00001,   -0.094,   0.0014, 30 Apr 2018, 14:51:53
  4.3019, 0.00001,   -0.094,   0.0014, 30 Apr 2018, 14:52:23
  4.3120, 0.00001,   -0.094,   0.0014, 30 Apr 2018, 14:52:53
  4.3091, 0.00001,   -0.094,   0.0014, 30 Apr 2018, 14:53:23
  4.3116, 0.00001,   -0.094,   0.0014, 30 Apr 2018, 14:53:53
  4.3137, 0.00001,   -0.094,   0.0014, 30 Apr 2018, 14:54:23
  4.3034, 0.00001,   -0.094,   0.0014, 30 Apr 2018, 14:54:53
  4.2950, 0.00001,   -0.094,   0.0014, 30 Apr 2018, 14:55:23
  4.2849, 0.00001,   -0.094,   0.0014, 30 Apr 2018, 14:55:53
  4.2894, 0.00001,   -0.094,   0.0014, 30 Apr 2018, 14:56:23
  4.2867, 0.00001,   -0.094,   0.0014, 30 Apr 2018, 14:56:53
  4.2827, 0.00001,   -0.094,   0.0014, 30 Apr 2018, 14:57:23
  4.2746, 0.00001,   -0.094,   0.0014, 30 Apr 2018, 14:57:53
  4.2660, 0.00001,   -0.094,   0.0014, 30 Apr 2018, 14:58:23
  4.2628, 0.00001,   -0.094,   0.0014, 30 Apr 2018, 14:58:53
  4.2502, 0.00001,   -0.094,   0.0014, 30 Apr 2018, 14:59:23
  4.2470, 0.00001,   -0.094,   0.0014, 30 Apr 2018, 14:59:53
  4.2455, 0.00001,   -0.094,   0.0014, 30 Apr 2018, 15:00:23
  4.2423, 0.00001,   -0.094,   0.0014, 30 Apr 2018, 15:00:53
  4.2408, 0.00001,   -0.094,   0.0014, 30 Apr 2018, 15:01:23
  4.2498, 0.00001,   -0.094,   0.0014, 30 Apr 2018, 15:01:53
  4.2395, 0.00001,   -0.094,   0.0014, 30 Apr 2018, 15:02:23
  4.2369, 0.00001,   -0.094,   0.0014, 30 Apr 2018, 15:02:53
  4.2382, 0.00001,   -0.094,   0.0014, 30 Apr 2018, 15:03:23
  4.2360, 0.00001,   -0.094,   0.0014, 30 Apr 2018, 15:03:53
  4.2345, 0.00001,   -0.094,   0.0014, 30 Apr 2018, 15:04:23
  4.2433, 0.00001,   -0.094,   0.0014, 30 Apr 2018, 15:04:53
  4.2406, 0.00001,   -0.094,   0.0014, 30 Apr 2018, 15:05:23
  4.2498, 0.00001,   -0.094,   0.0014, 30 Apr 2018, 15:05:53
  4.2378, 0.00001,   -0.094,   0.0014, 30 Apr 2018, 15:06:23
  4.2350, 0.00001,   -0.094,   0.0014, 30 Apr 2018, 15:06:53
  4.2232, 0.00001,   -0.094,   0.0014, 30 Apr 2018, 15:07:23
  4.2213, 0.00001,   -0.094,   0.0014, 30 Apr 2018, 15:07:53
  4.2213, 0.00001,   -0.094,   0.0014, 30 Apr 2018, 15:08:23
  4.2281, 0.00001,   -0.094,   0.0014, 30 Apr 2018, 15:08:53
  4.2314, 0.00001,   -0.094,   0.0014, 30 Apr 2018, 15:09:23
  4.2141, 0.00001,   -0.094,   0.0014, 30 Apr 2018, 15:09:53
  4.2148, 0.00001,   -0.094,   0.0014, 30 Apr 2018, 15:10:23
  4.2155, 0.00001,   -0.094,   0.0014, 30 Apr 2018, 15:10:53
  4.2106, 0.00001,   -0.094,   0.0014, 30 Apr 2018, 15:11:23
  4.2262, 0.00001,   -0.094,   0.0014, 30 Apr 2018, 15:11:53
  4.2209, 0.00001,   -0.094,   0.0014, 30 Apr 2018, 15:12:23
  4.2202, 0.00001,   -0.094,   0.0014, 30 Apr 2018, 15:12:53
  4.2177, 0.00001,   -0.094,   0.0014, 30 Apr 2018, 15:13:23
  4.2130, 0.00001,   -0.094,   0.0014, 30 Apr 2018, 15:13:53
  4.1961, 0.00001,   -0.094,   0.0014, 30 Apr 2018, 15:14:23
  4.1919, 0.00001,   -0.094,   0.0014, 30 Apr 2018, 15:14:53
  4.1900, 0.00001,   -0.094,   0.0014, 30 Apr 2018, 15:15:23
  4.1831, 0.00001,   -0.094,   0.0014, 30 Apr 2018, 15:15:53
  4.1933, 0.00001,   -0.094,   0.0014, 30 Apr 2018, 15:16:23
  4.2027, 0.00001,   -0.094,   0.0014, 30 Apr 2018, 15:16:53
  4.1894, 0.00001,   -0.094,   0.0014, 30 Apr 2018, 15:17:23
  4.1835, 0.00001,   -0.094,   0.0014, 30 Apr 2018, 15:17:53
  4.1757, 0.00001,   -0.094,   0.0013, 30 Apr 2018, 15:18:23
  4.1622, 0.00001,   -0.094,   0.0013, 30 Apr 2018, 15:18:53
  4.1570, 0.00001,   -0.094,   0.0013, 30 Apr 2018, 15:19:23
  4.1522, 0.00001,   -0.094,   0.0013, 30 Apr 2018, 15:19:52
  4.1532, 0.00001,   -0.094,   0.0013, 30 Apr 2018, 15:20:22
  4.1513, 0.00001,   -0.094,   0.0013, 30 Apr 2018, 15:20:52
  4.1593, 0.00001,   -0.094,   0.0013, 30 Apr 2018, 15:21:22
  4.1434, 0.00001,   -0.094,   0.0013, 30 Apr 2018, 15:21:52
  4.1433, 0.00001,   -0.094,   0.0013, 30 Apr 2018, 15:22:22
  4.1310, 0.00001,   -0.094,   0.0013, 30 Apr 2018, 15:22:52
  4.1274, 0.00001,   -0.094,   0.0013, 30 Apr 2018, 15:23:22
  4.1298, 0.00001,   -0.094,   0.0013, 30 Apr 2018, 15:23:52
  4.1408, 0.00001,   -0.094,   0.0013, 30 Apr 2018, 15:24:22
  4.1135, 0.00001,   -0.094,   0.0013, 30 Apr 2018, 15:24:52
  4.1010, 0.00001,   -0.094,   0.0013, 30 Apr 2018, 15:25:22
  4.0938, 0.00001,   -0.094,   0.0013, 30 Apr 2018, 15:25:52
  4.0976, 0.00001,   -0.094,   0.0013, 30 Apr 2018, 15:26:22
  4.0891, 0.00001,   -0.094,   0.0013, 30 Apr 2018, 15:26:52
  4.0913, 0.00001,   -0.094,   0.0013, 30 Apr 2018, 15:27:22
  4.0954, 0.00001,   -0.094,   0.0013, 30 Apr 2018, 15:27:52
  4.0859, 0.00001,   -0.094,   0.0013, 30 Apr 2018, 15:28:22
  4.0719, 0.00001,   -0.094,   0.0013, 30 Apr 2018, 15:28:52
  4.0667, 0.00001,   -0.094,   0.0013, 30 Apr 2018, 15:29:22
  4.0797, 0.00001,   -0.094,   0.0013, 30 Apr 2018, 15:29:52
  4.0628, 0.00001,   -0.094,   0.0013, 30 Apr 2018, 15:30:22
  4.0513, 0.00001,   -0.094,   0.0013, 30 Apr 2018, 15:30:52
  4.0496, 0.00001,   -0.094,   0.0013, 30 Apr 2018, 15:31:22
  4.0567, 0.00001,   -0.094,   0.0013, 30 Apr 2018, 15:31:52
  4.0530, 0.00001,   -0.094,   0.0013, 30 Apr 2018, 15:32:22
  4.0648, 0.00001,   -0.094,   0.0013, 30 Apr 2018, 15:32:52
  4.0557, 0.00001,   -0.094,   0.0013, 30 Apr 2018, 15:33:22
  4.0576, 0.00001,   -0.094,   0.0013, 30 Apr 2018, 15:33:52
  4.0546, 0.00001,   -0.094,   0.0013, 30 Apr 2018, 15:34:22
  4.0583, 0.00001,   -0.094,   0.0013, 30 Apr 2018, 15:34:52
  4.0542, 0.00001,   -0.094,   0.0013, 30 Apr 2018, 15:35:22
  4.0545, 0.00001,   -0.094,   0.0013, 30 Apr 2018, 15:35:52
  4.0468, 0.00001,   -0.094,   0.0013, 30 Apr 2018, 15:36:22
  4.0480, 0.00001,   -0.094,   0.0013, 30 Apr 2018, 15:36:52
  4.0537, 0.00001,   -0.094,   0.0013, 30 Apr 2018, 15:37:22
  4.0542, 0.00001,   -0.094,   0.0013, 30 Apr 2018, 15:37:52
  4.0567, 0.00001,   -0.094,   0.0013, 30 Apr 2018, 15:38:22
  4.0542, 0.00001,   -0.094,   0.0013, 30 Apr 2018, 15:38:52
  4.0530, 0.00001,   -0.094,   0.0013, 30 Apr 2018, 15:39:22
  4.0502, 0.00001,   -0.094,   0.0013, 30 Apr 2018, 15:39:52
  4.0455, 0.00001,   -0.094,   0.0013, 30 Apr 2018, 15:40:22
  4.0495, 0.00001,   -0.094,   0.0013, 30 Apr 2018, 15:40:52
  4.0417, 0.00001,   -0.094,   0.0013, 30 Apr 2018, 15:41:22
  4.0358, 0.00001,   -0.094,   0.0012, 30 Apr 2018, 15:41:52
  4.0411, 0.00001,   -0.094,   0.0013, 30 Apr 2018, 15:42:22
  4.0387, 0.00001,   -0.094,   0.0012, 30 Apr 2018, 15:42:52
  4.0394, 0.00001,   -0.094,   0.0012, 30 Apr 2018, 15:43:22
  4.0317, 0.00001,   -0.094,   0.0012, 30 Apr 2018, 15:43:52
  4.0278, 0.00001,   -0.094,   0.0012, 30 Apr 2018, 15:44:22
  4.0255, 0.00001,   -0.094,   0.0012, 30 Apr 2018, 15:44:52
  4.0342, 0.00001,   -0.094,   0.0012, 30 Apr 2018, 15:45:22
  4.0393, 0.00001,   -0.094,   0.0012, 30 Apr 2018, 15:45:52
  4.0376, 0.00001,   -0.094,   0.0012, 30 Apr 2018, 15:46:22
  4.0243, 0.00001,   -0.094,   0.0012, 30 Apr 2018, 15:46:52
  4.0224, 0.00001,   -0.094,   0.0012, 30 Apr 2018, 15:47:22
  4.0244, 0.00001,   -0.094,   0.0012, 30 Apr 2018, 15:47:52
  4.0212, 0.00001,   -0.094,   0.0012, 30 Apr 2018, 15:48:22
  4.0206, 0.00001,   -0.094,   0.0012, 30 Apr 2018, 15:48:52
  4.0240, 0.00001,   -0.094,   0.0012, 30 Apr 2018, 15:49:22
  4.0098, 0.00001,   -0.094,   0.0012, 30 Apr 2018, 15:49:52
  3.9990, 0.00001,   -0.094,   0.0012, 30 Apr 2018, 15:50:22
  3.9905, 0.00001,   -0.094,   0.0012, 30 Apr 2018, 15:50:52
  3.9867, 0.00001,   -0.094,   0.0012, 30 Apr 2018, 15:51:22
  3.9798, 0.00001,   -0.094,   0.0012, 30 Apr 2018, 15:51:52
  3.9743, 0.00001,   -0.094,   0.0012, 30 Apr 2018, 15:52:22
  3.9679, 0.00001,   -0.094,   0.0012, 30 Apr 2018, 15:52:52
  3.9681, 0.00001,   -0.094,   0.0012, 30 Apr 2018, 15:53:22
  3.9637, 0.00001,   -0.094,   0.0012, 30 Apr 2018, 15:53:52
  3.9635, 0.00001,   -0.094,   0.0012, 30 Apr 2018, 15:54:22
  3.9561, 0.00001,   -0.094,   0.0012, 30 Apr 2018, 15:54:52
  3.9572, 0.00001,   -0.094,   0.0012, 30 Apr 2018, 15:55:22
  3.9482, 0.00001,   -0.094,   0.0012, 30 Apr 2018, 15:55:52
  3.9523, 0.00001,   -0.094,   0.0012, 30 Apr 2018, 15:56:22
  3.9570, 0.00001,   -0.094,   0.0012, 30 Apr 2018, 15:56:52
  3.9499, 0.00001,   -0.094,   0.0012, 30 Apr 2018, 15:57:22
  3.9481, 0.00001,   -0.094,   0.0012, 30 Apr 2018, 15:57:52
  3.9552, 0.00001,   -0.094,   0.0012, 30 Apr 2018, 15:58:22
  3.9599, 0.00001,   -0.094,   0.0012, 30 Apr 2018, 15:58:52
  3.9575, 0.00001,   -0.094,   0.0012, 30 Apr 2018, 15:59:22
  3.9538, 0.00001,   -0.094,   0.0012, 30 Apr 2018, 15:59:52
  3.9609, 0.00001,   -0.094,   0.0012, 30 Apr 2018, 16:00:22
  3.9592, 0.00001,   -0.094,   0.0012, 30 Apr 2018, 16:00:52
  3.9637, 0.00001,   -0.094,   0.0012, 30 Apr 2018, 16:01:22
  3.9711, 0.00001,   -0.094,   0.0012, 30 Apr 2018, 16:01:52
  3.9862, 0.00001,   -0.094,   0.0012, 30 Apr 2018, 16:02:22
  3.9904, 0.00001,   -0.094,   0.0012, 30 Apr 2018, 16:02:52
  3.9846, 0.00001,   -0.094,   0.0012, 30 Apr 2018, 16:03:22
  3.9762, 0.00001,   -0.094,   0.0012, 30 Apr 2018, 16:03:52
  3.9794, 0.00001,   -0.094,   0.0012, 30 Apr 2018, 16:04:22
  3.9901, 0.00001,   -0.094,   0.0012, 30 Apr 2018, 16:04:52
  3.9866, 0.00001,   -0.094,   0.0012, 30 Apr 2018, 16:05:22
  3.9845, 0.00001,   -0.094,   0.0012, 30 Apr 2018, 16:05:52
  3.9833, 0.00001,   -0.094,   0.0012, 30 Apr 2018, 16:06:22
  3.9742, 0.00001,   -0.094,   0.0012, 30 Apr 2018, 16:06:52
  3.9800, 0.00001,   -0.094,   0.0012, 30 Apr 2018, 16:07:22
  3.9763, 0.00001,   -0.094,   0.0012, 30 Apr 2018, 16:07:52
  3.9899, 0.00001,   -0.094,   0.0012, 30 Apr 2018, 16:08:22
  3.9907, 0.00001,   -0.094,   0.0012, 30 Apr 2018, 16:08:52
  3.9796, 0.00001,   -0.094,   0.0012, 30 Apr 2018, 16:09:22
  3.9685, 0.00001,   -0.094,   0.0012, 30 Apr 2018, 16:09:52
  3.9636, 0.00001,   -0.094,   0.0012, 30 Apr 2018, 16:10:22
  3.9574, 0.00001,   -0.094,   0.0012, 30 Apr 2018, 16:10:52
