staticdata/example_data/sbe39_wopress.cnv
* Sea-Bird SBE39 Data File:
* FileName = C:\Users\strausz.PMEL\Desktop\2016\bering_downloads\16bsm2a_sbe39_1777_21m.asc
* Software Version 1.59
* Temperature SN = 
* Conductivity SN = 
* System UpLoad Time = Oct 11 2016 21:04:04
** real time:  205610
** inst time: 205631
*END*
start time =  05 May 2016  00:00:00
sample interval = 600 seconds
start sample number = 1
  8.2290, 05 May 2016, 00:00:00
  8.1297, 05 May 2016, 00:10:00
  8.1061, 05 May 2016, 00:20:00
  8.2852, 05 May 2016, 00:30:00
  8.4766, 05 May 2016, 00:40:00
  9.0763, 05 May 2016, 00:50:00
  8.9149, 05 May 2016, 01:00:00
  9.0934, 05 May 2016, 01:10:00
 11.9529, 05 May 2016, 01:20:00
 12.4361, 05 May 2016, 01:30:00
 14.1294, 05 May 2016, 01:40:00
 12.8875, 05 May 2016, 01:50:00
 12.5928, 05 May 2016, 02:00:00
 12.9684, 05 May 2016, 02:10:00
 12.2063, 05 May 2016, 02:20:00
 12.3812, 05 May 2016, 02:30:00
  7.6283, 05 May 2016, 02:40:00
  7.3519, 05 May 2016, 02:50:00
  6.7852, 05 May 2016, 03:00:00
  7.0439, 05 May 2016, 03:10:00
  6.8104, 05 May 2016, 03:20:00
  6.6317, 05 May 2016, 03:30:00
  7.6724, 05 May 2016, 03:40:00
  8.3639, 05 May 2016, 03:50:00
  5.3658, 05 May 2016, 04:00:00
  5.3264, 05 May 2016, 04:10:00
  5.3426, 05 May 2016, 04:20:00
  5.3460, 05 May 2016, 04:30:00
  5.4469, 05 May 2016, 04:40:00
  5.2268, 05 May 2016, 04:50:00
  5.0634, 05 May 2016, 05:00:00
  5.0644, 05 May 2016, 05:10:00
  5.1364, 05 May 2016, 05:20:00
  5.2876, 05 May 2016, 05:30:00
  5.0066, 05 May 2016, 05:40:00
  5.0930, 05 May 2016, 05:50:00
  5.0735, 05 May 2016, 06:00:00
  5.1180, 05 May 2016, 06:10:00
  5.0682, 05 May 2016, 06:20:00
  5.1336, 05 May 2016, 06:30:00
  5.1346, 05 May 2016, 06:40:00
  5.1201, 05 May 2016, 06:50:00
  5.1270, 05 May 2016, 07:00:00
  5.1138, 05 May 2016, 07:10:00
  5.0896, 05 May 2016, 07:20:00
  5.0745, 05 May 2016, 07:30:00
  5.1172, 05 May 2016, 07:40:00
  5.1034, 05 May 2016, 07:50:00
  5.1142, 05 May 2016, 08:00:00
  5.1161, 05 May 2016, 08:10:00
  5.1209, 05 May 2016, 08:20:00
  5.1309, 05 May 2016, 08:30:00
  5.1290, 05 May 2016, 08:40:00
  5.1366, 05 May 2016, 08:50:00
  5.1373, 05 May 2016, 09:00:00
  5.1230, 05 May 2016, 09:10:00
  5.0782, 05 May 2016, 09:20:00
  5.0161, 05 May 2016, 09:30:00
  4.9348, 05 May 2016, 09:40:00
  4.8258, 05 May 2016, 09:50:00
  4.8074, 05 May 2016, 10:00:00
  4.8105, 05 May 2016, 10:10:00
  4.8094, 05 May 2016, 10:20:00
  4.8646, 05 May 2016, 10:30:00
  4.9037, 05 May 2016, 10:40:00
  4.9425, 05 May 2016, 10:50:00
  5.0708, 05 May 2016, 11:00:00
  5.0418, 05 May 2016, 11:10:00
  5.0295, 05 May 2016, 11:20:00
  5.0380, 05 May 2016, 11:30:00
  5.1976, 05 May 2016, 11:40:00
  5.2284, 05 May 2016, 11:50:00
  5.1848, 05 May 2016, 12:00:00
  5.1916, 05 May 2016, 12:10:00
  5.1456, 05 May 2016, 12:20:00
  5.1802, 05 May 2016, 12:30:00
  5.2093, 05 May 2016, 12:40:00
  5.1927, 05 May 2016, 12:50:00
  5.1023, 05 May 2016, 13:00:00
  5.1061, 05 May 2016, 13:10:00
  5.1130, 05 May 2016, 13:20:00
  5.0168, 05 May 2016, 13:30:00
  4.9461, 05 May 2016, 13:40:00
  4.7668, 05 May 2016, 13:50:00
  4.8515, 05 May 2016, 14:00:00
  4.7696, 05 May 2016, 14:10:00
  4.7733, 05 May 2016, 14:20:00
  4.7788, 05 May 2016, 14:30:00
  4.7932, 05 May 2016, 14:40:00
  4.8262, 05 May 2016, 14:50:00
  4.8414, 05 May 2016, 15:00:00
  4.9209, 05 May 2016, 15:10:00
  5.1120, 05 May 2016, 15:20:00
  5.2432, 05 May 2016, 15:30:00
  5.2809, 05 May 2016, 15:40:00
  5.2804, 05 May 2016, 15:50:00
  5.3435, 05 May 2016, 16:00:00
  5.3117, 05 May 2016, 16:10:00
  5.3559, 05 May 2016, 16:20:00
  5.3697, 05 May 2016, 16:30:00
  5.3467, 05 May 2016, 16:40:00
  5.3232, 05 May 2016, 16:50:00
  5.3261, 05 May 2016, 17:00:00
  5.3612, 05 May 2016, 17:10:00
  5.3945, 05 May 2016, 17:20:00
  5.3797, 05 May 2016, 17:30:00
  5.4021, 05 May 2016, 17:40:00
  5.3904, 05 May 2016, 17:50:00
  5.3910, 05 May 2016, 18:00:00
  5.3881, 05 May 2016, 18:10:00
  5.3327, 05 May 2016, 18:20:00
  5.3717, 05 May 2016, 18:30:00
  5.3322, 05 May 2016, 18:40:00
  5.3522, 05 May 2016, 18:50:00
  5.3075, 05 May 2016, 19:00:00
  5.3045, 05 May 2016, 19:10:00
  5.2856, 05 May 2016, 19:20:00
  5.3156, 05 May 2016, 19:30:00
  5.3033, 05 May 2016, 19:40:00
  5.3147, 05 May 2016, 19:50:00
  5.3569, 05 May 2016, 20:00:00
  5.1978, 05 May 2016, 20:10:00
  5.2093, 05 May 2016, 20:20:00
  5.3312, 05 May 2016, 20:30:00
  5.4224, 05 May 2016, 20:40:00
  5.4355, 05 May 2016, 20:50:00
  5.4800, 05 May 2016, 21:00:00
  5.4778, 05 May 2016, 21:10:00
  5.4599, 05 May 2016, 21:20:00
  5.4757, 05 May 2016, 21:30:00
  5.4571, 05 May 2016, 21:40:00
  5.5096, 05 May 2016, 21:50:00
  5.4864, 05 May 2016, 22:00:00
  5.4631, 05 May 2016, 22:10:00
  5.4860, 05 May 2016, 22:20:00
  5.4740, 05 May 2016, 22:30:00
  5.5130, 05 May 2016, 22:40:00
  5.4630, 05 May 2016, 22:50:00
  5.4787, 05 May 2016, 23:00:00
  5.4865, 05 May 2016, 23:10:00
  5.4439, 05 May 2016, 23:20:00
  5.4256, 05 May 2016, 23:30:00
  5.4053, 05 May 2016, 23:40:00
  5.3565, 05 May 2016, 23:50:00
  5.3449, 06 May 2016, 00:00:00
  5.2386, 06 May 2016, 00:10:00
  5.2379, 06 May 2016, 00:20:00
  5.1892, 06 May 2016, 00:30:00
  5.2889, 06 May 2016, 00:40:00
  5.4054, 06 May 2016, 00:50:00
  5.4813, 06 May 2016, 01:00:00
  5.4264, 06 May 2016, 01:10:00
  5.2134, 06 May 2016, 01:20:00
  5.3266, 06 May 2016, 01:30:00
  5.4210, 06 May 2016, 01:40:00
  5.5686, 06 May 2016, 01:50:00
  5.5257, 06 May 2016, 02:00:00
  5.3876, 06 May 2016, 02:10:00
  5.3468, 06 May 2016, 02:20:00
  5.5345, 06 May 2016, 02:30:00
  5.1555, 06 May 2016, 02:40:00
  5.5858, 06 May 2016, 02:50:00
  5.3153, 06 May 2016, 03:00:00
  5.4245, 06 May 2016, 03:10:00
  5.4083, 06 May 2016, 03:20:00
  5.5367, 06 May 2016, 03:30:00
  5.3333, 06 May 2016, 03:40:00
  5.2527, 06 May 2016, 03:50:00
  5.2081, 06 May 2016, 04:00:00
