staticdata/example_data/sbe37_wpress.cnv
* Sea-Bird SBE37 Data File:
* FileName = C:\Users\foci\Documents\2018\fall_mooring_downloads\sbe37_2355.asc
* Software Version 1.59
* Temperature SN = 2355
* Conductivity SN = 2355
* System UpLoad Time = Oct 04 2018 00:15:11
** realtime: 001245
** instime: 001312
*END*
[from data line 1576]
  5.1170, 0.00001,   -0.076,   0.0020, 01 May 2018, 03:07:53
  5.1389, 0.00000,   -0.076,   0.0000, 01 May 2018, 03:08:23
  5.1365, 0.00000,   -0.076,   0.0000, 01 May 2018, 03:08:53
  5.1180, 0.00001,   -0.076,   0.0020, 01 May 2018, 03:09:23
  5.0891, 0.00000,   -0.076,   0.0000, 01 May 2018, 03:09:53
  5.1045, 0.00000,   -0.076,   0.0000, 01 May 2018, 03:10:23
  5.0821, 0.00001,   -0.076,   0.0020, 01 May 2018, 03:10:53
  5.0969, 0.00001,   -0.076,   0.0020, 01 May 2018, 03:11:23
  5.1119, 0.00000,   -0.076,   0.0000, 01 May 2018, 03:11:53
  5.0898, 0.00000,   -0.076,   0.0000, 01 May 2018, 03:12:23
  5.1147, 0.00001,   -0.058,   0.0020, 01 May 2018, 03:12:53
  5.1100, 0.00000,   -0.076,   0.0000, 01 May 2018, 03:13:23
  5.1098, 0.00000,   -0.076,   0.0000, 01 May 2018, 03:13:53
  5.1002, 0.00000,   -0.076,   0.0000, 01 May 2018, 03:14:23
  5.1101, 0.00001,   -0.076,   0.0020, 01 May 2018, 03:14:53
  5.0787, 0.00000,   -0.076,   0.0000, 01 May 2018, 03:15:23
  5.0262, 0.00001,   -0.076,   0.0020, 01 May 2018, 03:15:53
  5.0219, 0.00000,   -0.076,   0.0000, 01 May 2018, 03:16:23
  5.0137, 0.00000,   -0.076,   0.0000, 01 May 2018, 03:16:53
  5.0461, 0.00001,   -0.076,   0.0020, 01 May 2018, 03:17:23
  5.0434, 0.00001,   -0.058,   0.0020, 01 May 2018, 03:17:53
  5.0161, 0.00001,   -0.076,   0.0019, 01 May 2018, 03:18:23
  5.0138, 0.00001,   -0.076,   0.0019, 01 May 2018, 03:18:53
  4.9775, 0.00001,   -0.076,   0.0019, 01 May 2018, 03:19:23
  4.9760, 0.00000,   -0.076,   0.0000, 01 May 2018, 03:19:53
  4.9614, 0.00001,   -0.076,   0.0019, 01 May 2018, 03:20:23
  4.9795, 0.00000,   -0.076,   0.0000, 01 May 2018, 03:20:53
  4.9788, 0.00001,   -0.076,   0.0019, 01 May 2018, 03:21:23
  4.9591, 0.00001,   -0.076,   0.0019, 01 May 2018, 03:21:53
  4.9373, 0.00001,   -0.076,   0.0019, 01 May 2018, 03:22:23
  4.9559, 0.00000,   -0.076,   0.0000, 01 May 2018, 03:22:53
  4.9307, 0.00000,   -0.076,   0.0000, 01 May 2018, 03:23:23
  4.9087, 0.00000,   -0.076,   0.0000, 01 May 2018, 03:23:53
  4.9060, 0.00001,   -0.076,   0.0019, 01 May 2018, 03:24:23
  4.8757, 0.00000,   -0.076,   0.0000, 01 May 2018, 03:24:53
  4.8774, 0.00000,   -0.076,   0.0000, 01 May 2018, 03:25:23
  4.9082, 0.00000,   -0.076,   0.0000, 01 May 2018, 03:25:53
  4.8868, 0.00000,   -0.076,   0.0000, 01 May 2018, 03:26:23
  4.8704, 0.00001,   -0.076,   0.0018, 01 May 2018, 03:26:53
  4.8656, 0.00000,   -0.058,   0.0000, 01 May 2018, 03:27:23
  4.8738, 0.00001,   -0.076,   0.0018, 01 May 2018, 03:27:53
  4.9224, 0.00000,   -0.076,   0.0000, 01 May 2018, 03:28:23
  5.0044, 0.00001,   -0.076,   0.0019, 01 May 2018, 03:28:53
  5.0088, 0.00000,   -0.076,   0.0000, 01 May 2018, 03:29:23
  4.9658, 0.00001,   -0.076,   0.0019, 01 May 2018, 03:29:53
  4.9755, 0.00001,   -0.076,   0.0019, 01 May 2018, 03:30:23
  4.9451, 0.00001,   -0.058,   0.0019, 01 May 2018, 03:30:53
  4.9610, 0.00001,   -0.058,   0.0019, 01 May 2018, 03:31:23
  4.9548, 0.00001,   -0.076,   0.0019, 01 May 2018, 03:31:53
  4.9594, 0.00001,   -0.076,   0.0019, 01 May 2018, 03:32:23
  4.9511, 0.00001,   -0.076,   0.0019, 01 May 2018, 03:32:53
  4.9410, 0.00001,   -0.058,   0.0019, 01 May 2018, 03:33:23
  4.9808, 0.00001,   -0.076,   0.0019, 01 May 2018, 03:33:53
  4.9818, 0.00001,   -0.076,   0.0019, 01 May 2018, 03:34:23
  4.9518, 0.00001,   -0.076,   0.0019, 01 May 2018, 03:34:53
  4.9934, 0.00001,   -0.076,   0.0019, 01 May 2018, 03:35:23
  4.9955, 0.00001,   -0.076,   0.0019, 01 May 2018, 03:35:53
  4.9890, 0.00001,   -0.076,   0.0019, 01 May 2018, 03:36:23
  5.0390, 0.00001,   -0.058,   0.0020, 01 May 2018, 03:36:53
  5.0222, 0.00001,   -0.076,   0.0019, 01 May 2018, 03:37:23
  5.0607, 0.00001,   -0.076,   0.0020, 01 May 2018, 03:37:53
  5.0603, 0.00001,   -0.076,   0.0020, 01 May 2018, 03:38:23
  5.0506, 0.00001,   -0.076,   0.0020, 01 May 2018, 03:38:53
  5.0530, 0.00001,   -0.058,   0.0020, 01 May 2018, 03:39:23
  5.0269, 0.00001,   -0.076,   0.0020, 01 May 2018, 03:39:53
  5.0500, 0.00001,   -0.076,   0.0020, 01 May 2018, 03:40:23
  5.0180, 0.00001,   -0.058,   0.0019, 01 May 2018, 03:40:53
  4.9557, 0.00001,   -0.076,   0.0019, 01 May 2018, 03:41:23
  4.7159, 0.00000,   -0.076,   0.0000, 01 May 2018, 03:41:53
  4.7037, 0.00000,   -0.076,   0.0000, 01 May 2018, 03:42:23
  4.7802, 0.00000,   -0.076,   0.0000, 01 May 2018, 03:42:53
  5.0774, 0.00001,   -0.076,   0.0020, 01 May 2018, 03:43:23
  5.0455, 0.00001,   -0.076,   0.0020, 01 May 2018, 03:43:53
  4.8501, 0.00001,   -0.076,   0.0018, 01 May 2018, 03:44:23
  4.7527, 0.00000,   -0.076,   0.0000, 01 May 2018, 03:44:53
  4.6976, 0.00000,   -0.076,   0.0000, 01 May 2018, 03:45:23
  4.7180, 0.00001,   -0.076,   0.0017, 01 May 2018, 03:45:53
  4.7354, 0.00000,   -0.076,   0.0000, 01 May 2018, 03:46:23
  4.7466, 0.00000,   -0.076,   0.0000, 01 May 2018, 03:46:53
  4.7592, 0.00001,   -0.076,   0.0018, 01 May 2018, 03:47:23
  4.8178, 0.00001,   -0.076,   0.0018, 01 May 2018, 03:47:53
  4.7990, 0.00001,   -0.076,   0.0018, 01 May 2018, 03:48:23
  4.8127, 0.00001,   -0.076,   0.0018, 01 May 2018, 03:48:53
  4.7772, 0.00001,   -0.076,   0.0018, 01 May 2018, 03:49:23
  4.7766, 0.00001,   -0.076,   0.0018, 01 May 2018, 03:49:53
  4.7699, 0.00000,   -0.076,   0.0000, 01 May 2018, 03:50:23
  4.7837, 0.00000,   -0.076,   0.0000, 01 May 2018, 03:50:53
  4.8171, 0.00001,   -0.076,   0.0018, 01 May 2018, 03:51:23
  4.8177, 0.00000,   -0.076,   0.0000, 01 May 2018, 03:51:53
  4.8016, 0.00001,   -0.076,   0.0018, 01 May 2018, 03:52:23
  4.8003, 0.00001,   -0.076,   0.0018, 01 May 2018, 03:52:53
  4.8111, 0.00001,   -0.076,   0.0018, 01 May 2018, 03:53:23
  4.7616, 0.00001,   -0.076,   0.0018, 01 May 2018, 03:53:53
  4.7803, 0.00001,   -0.076,   0.0018, 01 May 2018, 03:54:23
  4.8014, 0.00001,   -0.076,   0.0018, 01 May 2018, 03:54:53
  4.7912, 0.00001,   -0.076,   0.0018, 01 May 2018, 03:55:23
  4.7463, 0.00001,   -0.076,   0.0018, 01 May 2018, 03:55:53
  4.7231, 0.00000,   -0.076,   0.0000, 01 May 2018, 03:56:23
  4.7396, 0.00001,   -0.076,   0.0018, 01 May 2018, 03:56:53
  4.7260, 0.00000,   -0.076,   0.0000, 01 May 2018, 03:57:23
  4.7549, 0.00000,   -0.076,   0.0000, 01 May 2018, 03:57:53
  4.7521, 0.00000,   -0.076,   0.0000, 01 May 2018, 03:58:23
  4.7990, 0.00001,   -0.076,   0.0018, 01 May 2018, 03:58:53
  4.8061, 0.00001,   -0.076,   0.0018, 01 May 2018, 03:59:23
  4.7362, 0.00000,   -0.076,   0.0000, 01 May 2018, 03:59:53
  4.8414, 0.00001,   -0.076,   0.0018, 01 May 2018, 04:00:23
  4.8173, 0.00001,   -0.076,   0.0018, 01 May 2018, 04:00:53
  4.7654, 0.00001,   -0.076,   0.0018, 01 May 2018, 04:01:23
  4.7367, 0.00000,   -0.076,   0.0000, 01 May 2018, 04:01:53
  4.7428, 0.00001,   -0.076,   0.0018, 01 May 2018, 04:02:23
  4.7072, 0.00000,   -0.076,   0.0000, 01 May 2018, 04:02:53
  4.7116, 0.00000,   -0.076,   0.0000, 01 May 2018, 04:03:23
  4.7459, 0.00001,   -0.076,   0.0018, 01 May 2018, 04:03:53
  4.7386, 0.00000,   -0.076,   0.0000, 01 May 2018, 04:04:23
  4.7689, 0.00001,   -0.076,   0.0018, 01 May 2018, 04:04:53
  4.7625, 0.00001,   -0.076,   0.0018, 01 May 2018, 04:05:23
  4.7763, 0.00001,   -0.076,   0.0018, 01 May 2018, 04:05:53
  5.4325, 0.00001,   -0.076,   0.0022, 01 May 2018, 04:06:23
  6.2540, 0.00002,   -0.058,   0.0028, 01 May 2018, 04:06:53
  6.6004, 0.00002,   -0.058,   0.0030, 01 May 2018, 04:07:23
  6.5695, 0.00002,   -0.058,   0.0030, 01 May 2018, 04:07:53
  6.5746, 0.00002,   -0.058,   0.0030, 01 May 2018, 04:08:23
  5.8814, 0.00001,   -0.058,   0.0025, 01 May 2018, 04:08:53
  5.5098, 0.00001,   -0.041,   0.0023, 01 May 2018, 04:09:23
  5.3260, 0.00001,   -0.041,   0.0022, 01 May 2018, 04:09:53
  5.2312, 0.00001,   -0.058,   0.0021, 01 May 2018, 04:10:23
  5.1511, 0.00001,   -0.058,   0.0020, 01 May 2018, 04:10:53
  5.1219, 0.00001,   -0.058,   0.0020, 01 May 2018, 04:11:23
  5.0609, 0.00001,   -0.058,   0.0020, 01 May 2018, 04:11:53
  5.0068, 0.00000,   -0.058,   0.0000, 01 May 2018, 04:12:23
  4.9581, 0.00000,   -0.058,   0.0000, 01 May 2018, 04:12:53
  4.9375, 0.00000,   -0.076,   0.0000, 01 May 2018, 04:13:23
  4.9298, 0.00000,   -0.058,   0.0000, 01 May 2018, 04:13:53
  4.9096, 0.00000,   -0.076,   0.0000, 01 May 2018, 04:14:23
  4.8941, 0.00000,   -0.076,   0.0000, 01 May 2018, 04:14:53
  4.8820, 0.00000,   -0.076,   0.0000, 01 May 2018, 04:15:23
  4.8500, 0.00000,   -0.076,   0.0000, 01 May 2018, 04:15:53
  4.8367, 0.00000,   -0.076,   0.0000, 01 May 2018, 04:16:23
  4.8235, 0.00000,   -0.076,   0.0000, 01 May 2018, 04:16:53
  4.8243, 0.00000,   -0.076,   0.0000, 01 May 2018, 04:17:23
  4.8069, 0.00000,   -0.076,   0.0000, 01 May 2018, 04:17:53
  4.8184, 0.00000,   -0.076,   0.0000, 01 May 2018, 04:18:23
  4.7750, 0.00000,   -0.076,   0.0000, 01 May 2018, 04:18:53
  4.7550, 0.00000,   -0.076,   0.0000, 01 May 2018, 04:19:23
  4.7459, 0.00000,   -0.076,   0.0000, 01 May 2018, 04:19:53
  4.7254, 0.00000,   -0.076,   0.0000, 01 May 2018, 04:20:23
  4.7166, 0.00000,   -0.076,   0.0000, 01 May 2018, 04:20:53
  4.7140, 0.00000,   -0.076,   0.0000, 01 May 2018, 04:21:23
  4.7172, 0.00000,   -0.076,   0.0000, 01 May 2018, 04:21:53
  4.6651, 0.00000,   -0.076,   0.0000, 01 May 2018, 04:22:23
  4.6374, 0.00000,   -0.076,   0.0000, 01 May 2018, 04:22:53
  4.6429, 0.00000,   -0.076,   0.0000, 01 May 2018, 04:23:23
  4.6341, 0.00000,   -0.076,   0.0000, 01 May 2018, 04:23:53
  4.6227, 0.00000,   -0.076,   0.0000, 01 May 2018, 04:24:23
  4.6267, 0.00000,   -0.076,   0.0000, 01 May 2018, 04:24:53
  4.6014, 0.00000,   -0.076,   0.0000, 01 May 2018, 04:25:23
  4.5882, 0.00000,   -0.076,   0.0000, 01 May 2018, 04:25:53
  4.5815, 0.00000,   -0.076,   0.0000, 01 May 2018, 04:26:23
  4.5926, 0.00000,   -0.076,   0.0000, 01 May 2018, 04:26:53
  4.6144, 0.00000,   -0.076,   0.0000, 01 May 2018, 04:27:23
  4.6040, 0.00000,   -0.076,   0.0000, 01 May 2018, 04:27:53
  4.5932, 0.00000,   -0.076,   0.0000, 01 May 2018, 04:28:23
  4.5609, 0.00000,   -0.076,   0.0000, 01 May 2018, 04:28:53
  4.5583, 0.00000,   -0.076,   0.0000, 01 May 2018, 04:29:23
  4.5668, 0.00000,   -0.076,   0.0000, 01 May 2018, 04:29:53
  4.5267, 0.00000,   -0.076,   0.0000, 01 May 2018, 04:30:23
  4.5294, 0.00000,   -0.076,   0.0000, 01 May 2018, 04:30:53
  4.5302, 0.00000,   -0.076,   0.0000, 01 May 2018, 04:31:23
  4.5002, 0.00000,   -0.076,   0.0000, 01 May 2018, 04:31:53
  4.4939, 0.00000,   -0.076,   0.0000, 01 May 2018, 04:32:23
  4.4874, 0.00000,   -0.076,   0.0000, 01 May 2018, 04:32:53
  4.4777, 0.00000,   -0.076,   0.0000, 01 May 2018, 04:33:23
  4.4700, 0.00000,   -0.076,   0.0000, 01 May 2018, 04:33:53
  4.4516, 0.00000,   -0.076,   0.0000, 01 May 2018, 04:34:23
  4.4334, 0.00000,   -0.076,   0.0000, 01 May 2018, 04:34:53
  4.4254, 0.00000,   -0.076,   0.0000, 01 May 2018, 04:35:23
  4.4033, 0.00000,   -0.076,   0.0000, 01 May 2018, 04:35:53
  4.4153, 0.00000,   -0.076,   0.0000, 01 May 2018, 04:36:23
  4.4052, 0.00000,   -0.076,   0.0000, 01 May 2018, 04:36:53
  4.4079, 0.00000,   -0.076,   0.0000, 01 May 2018, 04:37:23
  4.4070, 0.00000,   -0.076,   0.0000, 01 May 2018, 04:37:53
  4.3851, 0.00000,   -0.076,   0.0000, 01 May 2018, 04:38:23
  4.3620, 0.00000,   -0.076,   0.0000, 01 May 2018, 04:38:53
  4.3739, 0.00000,   -0.076,   0.0000, 01 May 2018, 04:39:23
  4.3663, 0.00000,   -0.076,   0.0000, 01 May 2018, 04:39:53
  4.3524, 0.00000,   -0.076,   0.0000, 01 May 2018, 04:40:23
  4.3346, 0.00000,   -0.076,   0.0000, 01 May 2018, 04:40:53
  4.3317, 0.00000,   -0.076,   0.0000, 01 May 2018, 04:41:23
  4.3360, 0.00000,   -0.076,   0.0000, 01 May 2018, 04:41:53
  4.3127, 0.00000,   -0.076,   0.0000, 01 May 2018, 04:42:23
  4.3068, 0.00000,   -0.076,   0.0000, 01 May 2018, 04:42:53
  4.2980, 0.00000,   -0.076,   0.0000, 01 May 2018, 04:43:23
  4.2939, 0.00000,   -0.076,   0.0000, 01 May 2018, 04:43:53
  4.2900, 0.00000,   -0.076,   0.0000, 01 May 2018, 04:44:23
  4.2718, 0.00000,   -0.076,   0.0000, 01 May 2018, 04:44:53
  4.2840, 0.00000,   -0.076,   0.0000, 01 May 2018, 04:45:23
  4.2903, 0.00000,   -0.076,   0.0000, 01 May 2018, 04:45:53
  4.3075, 0.00000,   -0.076,   0.0000, 01 May 2018, 04:46:23
  4.3087, 0.00000,   -0.076,   0.0000, 01 May 2018, 04:46:53
  4.3189, 0.00000,   -0.076,   0.0000, 01 May 2018, 04:47:23
  4.3287, 0.00000,   -0.076,   0.0000, 01 May 2018, 04:47:53
  4.3189, 0.00000,   -0.076,   0.0000, 01 May 2018, 04:48:23
  4.3218, 0.00000,   -0.076,   0.0000, 01 May 2018, 04:48:53
  4.3366, 0.00000,   -0.076,   0.0000, 01 May 2018, 04:49:23
  4.3372, 0.00000,   -0.076,   0.0000, 01 May 2018, 04:49:53
  4.3289, 0.00000,   -0.076,   0.0000, 01 May 2018, 04:50:23
  4.3243, 0.00000,   -0.076,   0.0000, 01 May 2018, 04:50:53
  4.3295, 0.00000,   -0.076,   0.0000, 01 May 2018, 04:51:23
  4.3290, 0.00000,   -0.076,   0.0000, 01 May 2018, 04:51:53
  4.3263, 0.00000,   -0.076,   0.0000, 01 May 2018, 04:52:23
  4.3285, 0.00000,   -0.076,   0.0000, 01 May 2018, 04:52:53
  4.3347, 0.00000,   -0.076,   0.0000, 01 May 2018, 04:53:23
  4.3431, 0.00001,   -0.076,   0.0015, 01 May 2018, 04:53:53
  4.3397, 0.00000,   -0.076,   0.0000, 01 May 2018, 04:54:23
  4.3234, 0.00001,   -0.076,   0.0015, 01 May 2018, 04:54:53
  4.3173, 0.00000,   -0.076,   0.0000, 01 May 2018, 04:55:23
  4.3112, 0.00000,   -0.076,   0.0000, 01 May 2018, 04:55:53
  4.3244, 0.00000,   -0.076,   0.0000, 01 May 2018, 04:56:23
  4.3112, 0.00000,   -0.076,   0.0000, 01 May 2018, 04:56:53
  4.3247, 0.00001,   -0.076,   0.0015, 01 May 2018, 04:57:23
  4.3191, 0.00000,   -0.076,   0.0000, 01 May 2018, 04:57:53
  4.3176, 0.00001,   -0.076,   0.0015, 01 May 2018, 04:58:23
  4.3016, 0.00000,   -0.076,   0.0000, 01 May 2018, 04:58:53
  4.3034, 0.00001,   -0.076,   0.0014, 01 May 2018, 04:59:23
  4.3076, 0.00001,   -0.076,   0.0014, 01 May 2018, 04:59:53
  4.3074, 0.00000,   -0.076,   0.0000, 01 May 2018, 05:00:23
  4.3045, 0.00001,   -0.076,   0.0014, 01 May 2018, 05:00:53
  4.2960, 0.00001,   -0.076,   0.0014, 01 May 2018, 05:01:23
  4.3106, 0.00000,   -0.076,   0.0000, 01 May 2018, 05:01:53
  4.3007, 0.00000,   -0.076,   0.0000, 01 May 2018, 05:02:23
  4.3093, 0.00000,   -0.076,   0.0000, 01 May 2018, 05:02:53
  4.3063, 0.00001,   -0.076,   0.0014, 01 May 2018, 05:03:23
  4.1782, 0.00000,   -0.076,   0.0000, 01 May 2018, 05:03:53
  4.1187, 0.00001,   -0.076,   0.0013, 01 May 2018, 05:04:23
  4.1118, 0.00000,   -0.076,   0.0000, 01 May 2018, 05:04:53
  4.1272, 0.00001,   -0.076,   0.0013, 01 May 2018, 05:05:23
  4.1128, 0.00000,   -0.076,   0.0000, 01 May 2018, 05:05:53
  4.1030, 0.00000,   -0.076,   0.0000, 01 May 2018, 05:06:23
  4.0949, 0.00000,   -0.076,   0.0000, 01 May 2018, 05:06:53
  4.1028, 0.00000,   -0.076,   0.0000, 01 May 2018, 05:07:23
  4.0823, 0.00000,   -0.076,   0.0000, 01 May 2018, 05:07:53
  4.0826, 0.00000,   -0.076,   0.0000, 01 May 2018, 05:08:23
  4.0489, 0.00000,   -0.076,   0.0000, 01 May 2018, 05:08:53
  4.0246, 0.00000,   -0.076,   0.0000, 01 May 2018, 05:09:23
  4.0158, 0.00001,   -0.076,   0.0012, 01 May 2018, 05:09:53
  4.0128, 0.00001,   -0.076,   0.0012, 01 May 2018, 05:10:23
  4.0197, 0.00000,   -0.076,   0.0000, 01 May 2018, 05:10:53
  4.0288, 0.00000,   -0.076,   0.0000, 01 May 2018, 05:11:23
  4.0034, 0.00000,   -0.076,   0.0000, 01 May 2018, 05:11:53
  3.9974, 0.00000,   -0.076,   0.0000, 01 May 2018, 05:12:23
  4.0020, 0.00000,   -0.076,   0.0000, 01 May 2018, 05:12:53
  3.9892, 0.00000,   -0.076,   0.0000, 01 May 2018, 05:13:23
  4.0094, 0.00000,   -0.076,   0.0000, 01 May 2018, 05:13:53
  3.9985, 0.00000,   -0.076,   0.0000, 01 May 2018, 05:14:23
  3.9815, 0.00000,   -0.076,   0.0000, 01 May 2018, 05:14:53
  3.9816, 0.00000,   -0.076,   0.0000, 01 May 2018, 05:15:23
  3.9718, 0.00000,   -0.076,   0.0000, 01 May 2018, 05:15:53
  3.9710, 0.00000,   -0.076,   0.0000, 01 May 2018, 05:16:23
  3.9634, 0.00000,   -0.076,   0.0000, 01 May 2018, 05:16:53
  3.9559, 0.00000,   -0.076,   0.0000, 01 May 2018, 05:17:23
  3.9513, 0.00000,   -0.076,   0.0000, 01 May 2018, 05:17:53
