staticdata/example_data/sbe37_wpress.cnv
* Sea-Bird SBE37 Data File:
* FileName = C:\Users\foci\Documents\2018\fall_mooring_downloads\sbe37_2355.asc
* Software Version 1.59
* Temperature SN = 2355
* Conductivity SN = 2355
* System UpLoad Time = Oct 04 2018 00:15:11
** realtime: 001245
** instime: 001312
*END*
[from data line 3412]
  4.0419, 0.00001,   -0.058,   0.0013, 01 May 2018, 18:25:53
  4.0924, 0.00001,   -0.058,   0.0013, 01 May 2018, 18:26:23
  4.1373, 0.00001,   -0.058,   0.0013, 01 May 2018, 18:26:53
  4.1698, 0.00001,   -0.058,   0.0013, 01 May 2018, 18:27:23
  4.1738, 0.00001,   -0.041,   0.0013, 01 May 2018, 18:27:53
  4.1700, 0.00001,   -0.041,   0.0013, 01 May 2018, 18:28:23
  4.1720, 0.00001,   -0.041,   0.0013, 01 May 2018, 18:28:53
  4.1600, 0.00001,   -0.041,   0.0013, 01 May 2018, 18:29:23
  4.1586, 0.00001,   -0.058,   0.0013, 01 May 2018, 18:29:53
  4.1646, 0.00001,   -0.058,   0.0013, 01 May 2018, 18:30:23
  4.1567, 0.00001,   -0.041,   0.0013, 01 May 2018, 18:30:53
  4.1619, 0.00001,   -0.041,   0.0013, 01 May 2018, 18:31:23
  4.1689, 0.00001,   -0.041,   0.0013, 01 May 2018, 18:31:53
  4.1568, 0.00001,   -0.058,   0.0013, 01 May 2018, 18:32:23
  4.1473, 0.00001,   -0.058,   0.0013, 01 May 2018, 18:32:53
  4.1443, 0.00001,   -0.058,   0.0013, 01 May 2018, 18:33:23
  4.1509, 0.00001,   -0.041,   0.0013, 01 May 2018, 18:33:53
  4.1636, 0.00001,   -0.058,   0.0013, 01 May 2018, 18:34:23
  4.1521, 0.00001,   -0.058,   0.0013, 01 May 2018, 18:34:53
  4.1514, 0.00001,   -0.058,   0.0013, 01 May 2018, 18:35:23
  4.1636, 0.00001,   -0.058,   0.0013, 01 May 2018, 18:35:53
  4.1632, 0.00001,   -0.041,   0.0013, 01 May 2018, 18:36:23
  4.1728, 0.00001,   -0.041,   0.0013, 01 May 2018, 18:36:53
  4.1583, 0.00001,   -0.041,   0.0013, 01 May 2018, 18:37:23
  4.1346, 0.00001,   -0.058,   0.0013, 01 May 2018, 18:37:53
  4.1216, 0.00001,   -0.058,   0.0013, 01 May 2018, 18:38:23
  4.1296, 0.00001,   -0.041,   0.0013, 01 May 2018, 18:38:53
  4.1432, 0.00001,   -0.041,   0.0013, 01 May 2018, 18:39:23
  4.1408, 0.00001,   -0.058,   0.0013, 01 May 2018, 18:39:53
  4.1237, 0.00000,   -0.041,   0.0000, 01 May 2018, 18:40:23
  4.1269, 0.00001,   -0.058,   0.0013, 01 May 2018, 18:40:53
  4.1266, 0.00000,   -0.058,   0.0000, 01 May 2018, 18:41:23
  4.1342, 0.00001,   -0.041,   0.0013, 01 May 2018, 18:41:53
  4.1416, 0.00000,   -0.058,   0.0000, 01 May 2018, 18:42:23
  4.1388, 0.00001,   -0.058,   0.0013, 01 May 2018, 18:42:53
  4.1246, 0.00001,   -0.058,   0.0013, 01 May 2018, 18:43:23
  4.1071, 0.00000,   -0.058,   0.0000, 01 May 2018, 18:43:53
  4.1107, 0.00000,   -0.041,   0.0000, 01 May 2018, 18:44:23
  4.1103, 0.00000,   -0.058,   0.0000, 01 May 2018, 18:44:53
  4.1282, 0.00001,   -0.058,   0.0013, 01 May 2018, 18:45:23
  4.1197, 0.00000,   -0.041,   0.0000, 01 May 2018, 18:45:53
  4.1323, 0.00001,   -0.058,   0.0013, 01 May 2018, 18:46:23
  4.1327, 0.00000,   -0.058,   0.0000, 01 May 2018, 18:46:53
  4.1335, 0.00001,   -0.041,   0.0013, 01 May 2018, 18:47:23
  4.1350, 0.00001,   -0.058,   0.0013, 01 May 2018, 18:47:53
  4.1432, 0.00001,   -0.058,   0.0013, 01 May 2018, 18:48:23
  4.1456, 0.00001,   -0.041,   0.0013, 01 May 2018, 18:48:53
  4.1710, 0.00000,   -0.041,   0.0000, 01 May 2018, 18:49:23
  4.1618, 0.00000,   -0.058,   0.0000, 01 May 2018, 18:49:53
  4.1683, 0.00001,   -0.058,   0.0013, 01 May 2018, 18:50:23
  4.1744, 0.00000,   -0.058,   0.0000, 01 May 2018, 18:50:53
  4.1745, 0.00000,   -0.041,   0.0000, 01 May 2018, 18:51:23
  4.1827, 0.00001,   -0.058,   0.0014, 01 May 2018, 18:51:53
  4.1629, 0.00001,   -0.058,   0.0013, 01 May 2018, 18:52:23
  4.1628, 0.00000,   -0.041,   0.0000, 01 May 2018, 18:52:53
  4.1653, 0.00000,   -0.041,   0.0000, 01 May 2018, 18:53:23
  4.1733, 0.00000,   -0.041,   0.0000, 01 May 2018, 18:53:53
  4.1515, 0.00001,   -0.058,   0.0013, 01 May 2018, 18:54:23
  4.1824, 0.00001,   -0.058,   0.0014, 01 May 2018, 18:54:53
  4.1718, 0.00000,   -0.058,   0.0000, 01 May 2018, 18:55:23
  4.1834, 0.00000,   -0.041,   0.0000, 01 May 2018, 18:55:53
  4.1784, 0.00000,   -0.041,   0.0000, 01 May 2018, 18:56:23
  4.1872, 0.00001,   -0.041,   0.0014, 01 May 2018, 18:56:53
  4.2029, 0.00000,   -0.041,   0.0000, 01 May 2018, 18:57:23
  4.2085, 0.00001,   -0.041,   0.0014, 01 May 2018, 18:57:53
  4.2335, 0.00001,   -0.058,   0.0014, 01 May 2018, 18:58:23
  4.2262, 0.00000,   -0.041,   0.0000, 01 May 2018, 18:58:53
  4.2409, 0.00001,   -0.041,   0.0014, 01 May 2018, 18:59:23
  4.2751, 0.00001,   -0.041,   0.0014, 01 May 2018, 18:59:53
  4.2839, 0.00001,   -0.041,   0.0014, 01 May 2018, 19:00:23
  4.2828, 0.00001,   -0.041,   0.0014, 01 May 2018, 19:00:53
  4.2870, 0.00001,   -0.041,   0.0014, 01 May 2018, 19:01:23
  4.2997, 0.00001,   -0.041,   0.0014, 01 May 2018, 19:01:53
  4.3048, 0.00000,   -0.041,   0.0000, 01 May 2018, 19:02:23
  4.3207, 0.00001,   -0.041,   0.0015, 01 May 2018, 19:02:53
  4.3575, 0.00001,   -0.041,   0.0015, 01 May 2018, 19:03:23
  4.3604, 0.00001,   -0.041,   0.0015, 01 May 2018, 19:03:53
  4.3727, 0.00001,   -0.041,   0.0015, 01 May 2018, 19:04:23
  4.3456, 0.00001,   -0.041,   0.0015, 01 May 2018, 19:04:53
  4.3297, 0.00001,   -0.041,   0.0015, 01 May 2018, 19:05:23
  4.3086, 0.00000,   -0.041,   0.0000, 01 May 2018, 19:05:53
  4.3079, 0.00001,   -0.041,   0.0014, 01 May 2018, 19:06:23
  4.2995, 0.00000,   -0.041,   0.0000, 01 May 2018, 19:06:53
  4.2846, 0.00001,   -0.041,   0.0014, 01 May 2018, 19:07:23
  4.2931, 0.00001,   -0.041,   0.0014, 01 May 2018, 19:07:53
  4.3087, 0.00000,   -0.041,   0.0000, 01 May 2018, 19:08:23
  4.3081, 0.00000,   -0.041,   0.0000, 01 May 2018, 19:08:53
  4.2981, 0.00001,   -0.041,   0.0014, 01 May 2018, 19:09:23
  4.2618, 0.00001,   -0.041,   0.0014, 01 May 2018, 19:09:53
  4.2463, 0.00000,   -0.041,   0.0000, 01 May 2018, 19:10:23
  4.2543, 0.00001,   -0.041,   0.0014, 01 May 2018, 19:10:53
  4.2386, 0.00001,   -0.041,   0.0014, 01 May 2018, 19:11:23
  4.2220, 0.00001,   -0.041,   0.0014, 01 May 2018, 19:11:53
  4.2020, 0.00000,   -0.041,   0.0000, 01 May 2018, 19:12:23
  4.1875, 0.00000,   -0.058,   0.0000, 01 May 2018, 19:12:53
  4.1537, 0.00000,   -0.041,   0.0000, 01 May 2018, 19:13:23
  4.1591, 0.00000,   -0.041,   0.0000, 01 May 2018, 19:13:53
  4.1279, 0.00000,   -0.041,   0.0000, 01 May 2018, 19:14:23
  4.1403, 0.00000,   -0.041,   0.0000, 01 May 2018, 19:14:53
  4.1624, 0.00000,   -0.058,   0.0000, 01 May 2018, 19:15:23
  4.1735, 0.00000,   -0.058,   0.0000, 01 May 2018, 19:15:53
  4.1858, 0.00000,   -0.041,   0.0000, 01 May 2018, 19:16:23
  4.1926, 0.00000,   -0.041,   0.0000, 01 May 2018, 19:16:53
  4.2151, 0.00000,   -0.041,   0.0000, 01 May 2018, 19:17:23
  4.2227, 0.00000,   -0.041,   0.0000, 01 May 2018, 19:17:53
  4.1731, 0.00001,   -0.058,   0.0013, 01 May 2018, 19:18:23
  4.1631, 0.00000,   -0.041,   0.0000, 01 May 2018, 19:18:53
  4.1598, 0.00000,   -0.058,   0.0000, 01 May 2018, 19:19:23
  4.1654, 0.00000,   -0.058,   0.0000, 01 May 2018, 19:19:53
  4.1485, 0.00001,   -0.041,   0.0013, 01 May 2018, 19:20:23
  4.1508, 0.00000,   -0.041,   0.0000, 01 May 2018, 19:20:53
  4.1327, 0.00000,   -0.041,   0.0000, 01 May 2018, 19:21:23
  4.1608, 0.00000,   -0.041,   0.0000, 01 May 2018, 19:21:53
  4.1479, 0.00001,   -0.041,   0.0013, 01 May 2018, 19:22:23
  4.1317, 0.00000,   -0.058,   0.0000, 01 May 2018, 19:22:53
  4.1404, 0.00000,   -0.041,   0.0000, 01 May 2018, 19:23:23
  4.1498, 0.00000,   -0.058,   0.0000, 01 May 2018, 19:23:53
  4.1356, 0.00000,   -0.041,   0.0000, 01 May 2018, 19:24:23
  4.1088, 0.00000,   -0.058,   0.0000, 01 May 2018, 19:24:53
  4.1065, 0.00000,   -0.058,   0.0000, 01 May 2018, 19:25:23
  4.0939, 0.00000,   -0.058,   0.0000, 01 May 2018, 19:25:53
  4.0853, 0.00000,   -0.041,   0.0000, 01 May 2018, 19:26:23
  4.0991, 0.00000,   -0.041,   0.0000, 01 May 2018, 19:26:53
  4.1225, 0.00001,   -0.041,   0.0013, 01 May 2018, 19:27:23
  4.1339, 0.00000,   -0.058,   0.0000, 01 May 2018, 19:27:53
  4.1226, 0.00000,   -0.041,   0.0000, 01 May 2018, 19:28:23
  4.1202, 0.00000,   -0.058,   0.0000, 01 May 2018, 19:28:53
  4.1324, 0.00000,   -0.041,   0.0000, 01 May 2018, 19:29:23
  4.1360, 0.00000,   -0.041,   0.0000, 01 May 2018, 19:29:53
  4.1329, 0.00000,   -0.058,   0.0000, 01 May 2018, 19:30:23
  4.1563, 0.00000,   -0.041,   0.0000, 01 May 2018, 19:30:53
  4.1680, 0.00000,   -0.041,   0.0000, 01 May 2018, 19:31:23
  4.1949, 0.00000,   -0.041,   0.0000, 01 May 2018, 19:31:53
  4.1894, 0.00001,   -0.041,   0.0014, 01 May 2018, 19:32:23
  4.1929, 0.00000,   -0.041,   0.0000, 01 May 2018, 19:32:53
  4.2220, 0.00000,   -0.041,   0.0000, 01 May 2018, 19:33:23
  4.2420, 0.00000,   -0.041,   0.0000, 01 May 2018, 19:33:53
  4.2566, 0.00000,   -0.041,   0.0000, 01 May 2018, 19:34:23
  4.2848, 0.00000,   -0.058,   0.0000, 01 May 2018, 19:34:53
  4.2968, 0.00000,   -0.041,   0.0000, 01 May 2018, 19:35:23
  4.2587, 0.00000,   -0.041,   0.0000, 01 May 2018, 19:35:53
  4.2611, 0.00001,   -0.041,   0.0014, 01 May 2018, 19:36:23
  4.2756, 0.00000,   -0.041,   0.0000, 01 May 2018, 19:36:53
  4.2815, 0.00000,   -0.041,   0.0000, 01 May 2018, 19:37:23
  4.2920, 0.00000,   -0.041,   0.0000, 01 May 2018, 19:37:53
  4.2905, 0.00000,   -0.041,   0.0000, 01 May 2018, 19:38:23
  4.2672, 0.00000,   -0.041,   0.0000, 01 May 2018, 19:38:53
  4.1944, 0.00000,   -0.041,   0.0000, 01 May 2018, 19:39:23
  4.1651, 0.00000,   -0.041,   0.0000, 01 May 2018, 19:39:53
  4.1765, 0.00000,   -0.041,   0.0000, 01 May 2018, 19:40:23
  4.1412, 0.00000,   -0.041,   0.0000, 01 May 2018, 19:40:53
  4.1033, 0.00000,   -0.041,   0.0000, 01 May 2018, 19:41:23
  4.0508, 0.00000,   -0.041,   0.0000, 01 May 2018, 19:41:53
  4.0488, 0.00000,   -0.058,   0.0000, 01 May 2018, 19:42:23
  4.0502, 0.00000,   -0.058,   0.0000, 01 May 2018, 19:42:53
  4.0612, 0.00000,   -0.041,   0.0000, 01 May 2018, 19:43:23
  4.0360, 0.00000,   -0.058,   0.0000, 01 May 2018, 19:43:53
  4.0378, 0.00000,   -0.058,   0.0000, 01 May 2018, 19:44:23
  4.2990, 0.00001,   -0.058,   0.0014, 01 May 2018, 19:44:53
  4.4023, 0.00000,   -0.041,   0.0000, 01 May 2018, 19:45:23
  4.4746, 0.00000,   -0.041,   0.0000, 01 May 2018, 19:45:53
  4.5065, 0.00001,   -0.041,   0.0016, 01 May 2018, 19:46:23
  4.4616, 0.00001,   -0.041,   0.0016, 01 May 2018, 19:46:53
  4.5242, 0.00001,   -0.041,   0.0016, 01 May 2018, 19:47:23
  4.6290, 0.00001,   -0.041,   0.0017, 01 May 2018, 19:47:53
  4.5976, 0.00001,   -0.041,   0.0017, 01 May 2018, 19:48:23
  4.8156, 0.00001,   -0.041,   0.0018, 01 May 2018, 19:48:53
  4.7727, 0.00001,   -0.041,   0.0018, 01 May 2018, 19:49:23
  4.8415, 0.00001,   -0.041,   0.0018, 01 May 2018, 19:49:53
  4.8863, 0.00001,   -0.041,   0.0019, 01 May 2018, 19:50:23
  4.9519, 0.00001,   -0.023,   0.0019, 01 May 2018, 19:50:53
  4.9873, 0.00001,   -0.023,   0.0019, 01 May 2018, 19:51:23
  5.0890, 0.00001,   -0.023,   0.0020, 01 May 2018, 19:51:53
  5.0958, 0.00001,   -0.041,   0.0020, 01 May 2018, 19:52:23
  5.1314, 0.00001,   -0.041,   0.0020, 01 May 2018, 19:52:53
  5.1570, 0.00001,   -0.023,   0.0020, 01 May 2018, 19:53:23
  5.0793, 0.00001,   -0.023,   0.0020, 01 May 2018, 19:53:53
  4.9904, 0.00001,   -0.041,   0.0019, 01 May 2018, 19:54:23
  4.9925, 0.00001,   -0.041,   0.0019, 01 May 2018, 19:54:53
  5.0798, 0.00001,   -0.041,   0.0020, 01 May 2018, 19:55:23
  5.1343, 0.00001,   -0.041,   0.0020, 01 May 2018, 19:55:53
  5.1728, 0.00001,   -0.041,   0.0021, 01 May 2018, 19:56:23
  5.1293, 0.00001,   -0.041,   0.0020, 01 May 2018, 19:56:53
  5.1280, 0.00001,   -0.041,   0.0020, 01 May 2018, 19:57:23
  5.1016, 0.00001,   -0.041,   0.0020, 01 May 2018, 19:57:53
  5.1013, 0.00001,   -0.041,   0.0020, 01 May 2018, 19:58:23
  5.1346, 0.00001,   -0.041,   0.0020, 01 May 2018, 19:58:53
  5.1556, 0.00001,   -0.041,   0.0020, 01 May 2018, 19:59:23
  5.1739, 0.00001,   -0.041,   0.0021, 01 May 2018, 19:59:53
  5.1936, 0.00001,   -0.041,   0.0021, 01 May 2018, 20:00:23
  5.2780, 0.00001,   -0.041,   0.0021, 01 May 2018, 20:00:53
  5.3025, 0.00001,   -0.041,   0.0021, 01 May 2018, 20:01:23
  5.2346, 0.00001,   -0.041,   0.0021, 01 May 2018, 20:01:53
  5.1872, 0.00001,   -0.041,   0.0021, 01 May 2018, 20:02:23
  5.3817, 0.00001,   -0.041,   0.0022, 01 May 2018, 20:02:53
  5.4088, 0.00001,   -0.041,   0.0022, 01 May 2018, 20:03:23
  5.0742, 0.00000,   -0.041,   0.0000, 01 May 2018, 20:03:53
  5.0053, 0.00000,   -0.041,   0.0000, 01 May 2018, 20:04:23
  4.9659, 0.00001,   -0.041,   0.0019, 01 May 2018, 20:04:53
  5.0673, 0.00001,   -0.041,   0.0020, 01 May 2018, 20:05:23
  5.0220, 0.00000,   -0.041,   0.0000, 01 May 2018, 20:05:53
  5.0542, 0.00000,   -0.041,   0.0000, 01 May 2018, 20:06:23
  4.9800, 0.00000,   -0.041,   0.0000, 01 May 2018, 20:06:53
  4.9394, 0.00000,   -0.041,   0.0000, 01 May 2018, 20:07:23
  4.9237, 0.00000,   -0.041,   0.0000, 01 May 2018, 20:07:53
  4.9652, 0.00000,   -0.041,   0.0000, 01 May 2018, 20:08:23
  4.9050, 0.00000,   -0.041,   0.0000, 01 May 2018, 20:08:53
  4.9455, 0.00000,   -0.041,   0.0000, 01 May 2018, 20:09:23
  4.8625, 0.00000,   -0.041,   0.0000, 01 May 2018, 20:09:53
  4.9385, 0.00000,   -0.041,   0.0000, 01 May 2018, 20:10:23
  5.0265, 0.00000,   -0.041,   0.0000, 01 May 2018, 20:10:53
  4.9826, 0.00000,   -0.041,   0.0000, 01 May 2018, 20:11:23
  4.9513, 0.00000,   -0.041,   0.0000, 01 May 2018, 20:11:53
  5.1029, 0.00000,   -0.041,   0.0000, 01 May 2018, 20:12:23
  5.2489, 0.00001,   -0.041,   0.0021, 01 May 2018, 20:12:53
  5.1540, 0.00000,   -0.041,   0.0000, 01 May 2018, 20:13:23
  5.0678, 0.00000,   -0.041,   0.0000, 01 May 2018, 20:13:53
  5.0756, 0.00000,   -0.041,   0.0000, 01 May 2018, 20:14:23
  5.0281, 0.00000,   -0.041,   0.0000, 01 May 2018, 20:14:53
  5.1080, 0.00000,   -0.041,   0.0000, 01 May 2018, 20:15:23
  5.1629, 0.00000,   -0.041,   0.0000, 01 May 2018, 20:15:53
  5.1264, 0.00000,   -0.041,   0.0000, 01 May 2018, 20:16:23
  5.2101, 0.00000,   -0.041,   0.0000, 01 May 2018, 20:16:53
  5.5215, 0.00001,   -0.041,   0.0023, 01 May 2018, 20:17:23
  5.5746, 0.00001,   -0.041,   0.0023, 01 May 2018, 20:17:53
  5.6126, 0.00001,   -0.041,   0.0024, 01 May 2018, 20:18:23
  5.7802, 0.00001,   -0.023,   0.0025, 01 May 2018, 20:18:53
  5.8989, 0.00001,   -0.023,   0.0026, 01 May 2018, 20:19:23
  5.9398, 0.00001,   -0.023,   0.0026, 01 May 2018, 20:19:53
  5.9197, 0.00001,   -0.023,   0.0026, 01 May 2018, 20:20:23
  6.1119, 0.00001,   -0.023,   0.0027, 01 May 2018, 20:20:53
  6.3743, 0.00001,   -0.023,   0.0029, 01 May 2018, 20:21:23
  6.4843, 0.00001,   -0.023,   0.0029, 01 May 2018, 20:21:53
  6.4987, 0.00001,   -0.023,   0.0030, 01 May 2018, 20:22:23
  6.4925, 0.00001,   -0.005,   0.0029, 01 May 2018, 20:22:53
  6.7285, 0.00001,   -0.005,   0.0031, 01 May 2018, 20:23:23
  6.8810, 0.00001,   -0.005,   0.0032, 01 May 2018, 20:23:53
  6.8535, 0.00001,   -0.005,   0.0032, 01 May 2018, 20:24:23
  6.8209, 0.00001,   -0.005,   0.0032, 01 May 2018, 20:24:53
  6.9596, 0.00001,   -0.005,   0.0033, 01 May 2018, 20:25:23
  6.8745, 0.00001,   -0.005,   0.0032, 01 May 2018, 20:25:53
  7.0009, 0.00001,   -0.005,   0.0033, 01 May 2018, 20:26:23
  6.9243, 0.00001,   -0.005,   0.0032, 01 May 2018, 20:26:53
  7.1544, 0.00001,   -0.005,   0.0034, 01 May 2018, 20:27:23
  7.1606, 0.00001,   -0.005,   0.0034, 01 May 2018, 20:27:53
  6.9804, 0.00001,   -0.005,   0.0033, 01 May 2018, 20:28:23
  7.0198, 0.00001,   -0.005,   0.0033, 01 May 2018, 20:28:53
  6.9576, 0.00000,   -0.023,   0.0000, 01 May 2018, 20:29:23
  6.9457, 0.00000,   -0.023,   0.0000, 01 May 2018, 20:29:53
  6.8908, 0.00000,   -0.023,   0.0000, 01 May 2018, 20:30:23
  7.2620, 0.00000,   -0.023,   0.0000, 01 May 2018, 20:30:53
  7.1664, 0.00000,   -0.023,   0.0000, 01 May 2018, 20:31:23
  7.0544, 0.00000,   -0.023,   0.0000, 01 May 2018, 20:31:53
  7.1201, 0.00000,   -0.023,   0.0000, 01 May 2018, 20:32:23
  7.1470, 0.00000,   -0.023,   0.0000, 01 May 2018, 20:32:53
  6.8983, 0.00000,   -0.023,   0.0000, 01 May 2018, 20:33:23
  6.8091, 0.00000,   -0.023,   0.0000, 01 May 2018, 20:33:53
  6.6053, 0.00000,   -0.041,   0.0000, 01 May 2018, 20:34:23
  6.4068,-0.00001,   -0.041,   0.0000, 01 May 2018, 20:34:53
  6.3028,-0.00001,   -0.041,   0.0000, 01 May 2018, 20:35:23
  6.2633,-0.00001,   -0.041,   0.0000, 01 May 2018, 20:35:53
