staticdata/example_data/sbe37_wpress.cnv
* Sea-Bird SBE37 Data File:
* FileName = C:\Users\foci\Documents\2018\fall_mooring_downloads\sbe37_2355.asc
* Software Version 1.59
* Temperature SN = 2355
* Conductivity SN = 2355
* System UpLoad Time = Oct 04 2018 00:15:11
** realtime: 001245
** instime: 001312
*END*
[from data line 1314]
  6.5422,-0.00001,   -0.076,   0.0000, 01 May 2018, 00:56:52
  6.0884,-0.00002,   -0.076,   0.0000, 01 May 2018, 00:57:22
  6.3996,-0.00001,   -0.076,   0.0000, 01 May 2018, 00:57:52
  6.6397,-0.00001,   -0.076,   0.0000, 01 May 2018, 00:58:22
  6.4085,-0.00001,   -0.076,   0.0000, 01 May 2018, 00:58:52
  6.1810,-0.00001,   -0.076,   0.0000, 01 May 2018, 00:59:22
  6.1685,-0.00001,   -0.076,   0.0000, 01 May 2018, 00:59:52
  6.1815,-0.00001,   -0.076,   0.0000, 01 May 2018, 01:00:22
  6.2157,-0.00001,   -0.076,   0.0000, 01 May 2018, 01:00:52
  6.2034,-0.00001,   -0.076,   0.0000, 01 May 2018, 01:01:22
  6.1718,-0.00001,   -0.076,   0.0000, 01 May 2018, 01:01:52
  6.2271,-0.00001,   -0.076,   0.0000, 01 May 2018, 01:02:22
  6.2840,-0.00001,   -0.076,   0.0000, 01 May 2018, 01:02:52
  6.3025,-0.00001,   -0.076,   0.0000, 01 May 2018, 01:03:22
  6.1732,-0.00001,   -0.076,   0.0000, 01 May 2018, 01:03:52
  6.2072,-0.00001,   -0.076,   0.0000, 01 May 2018, 01:04:22
  6.3948,-0.00001,   -0.076,   0.0000, 01 May 2018, 01:04:52
  6.4765,-0.00001,   -0.076,   0.0000, 01 May 2018, 01:05:22
  6.2867,-0.00001,   -0.076,   0.0000, 01 May 2018, 01:05:52
  6.3886,-0.00001,   -0.076,   0.0000, 01 May 2018, 01:06:22
  6.2228,-0.00001,   -0.076,   0.0000, 01 May 2018, 01:06:52
  6.4493,-0.00001,   -0.076,   0.0000, 01 May 2018, 01:07:22
  6.2679,-0.00001,   -0.076,   0.0000, 01 May 2018, 01:07:52
  6.2623,-0.00001,   -0.076,   0.0000, 01 May 2018, 01:08:22
  6.2476,-0.00001,   -0.076,   0.0000, 01 May 2018, 01:08:52
  6.2090,-0.00001,   -0.076,   0.0000, 01 May 2018, 01:09:22
  6.3414,-0.00001,   -0.076,   0.0000, 01 May 2018, 01:09:52
  6.1507,-0.00001,   -0.076,   0.0000, 01 May 2018, 01:10:22
  6.2756,-0.00001,   -0.076,   0.0000, 01 May 2018, 01:10:52
  6.3368,-0.00001,   -0.076,   0.0000, 01 May 2018, 01:11:22
  6.6581,-0.00001,   -0.076,   0.0000, 01 May 2018, 01:11:52
  6.7617,-0.00001,   -0.076,   0.0000, 01 May 2018, 01:12:22
  6.9205,-0.00001,   -0.076,   0.0000, 01 May 2018, 01:12:52
  6.4175,-0.00001,   -0.076,   0.0000, 01 May 2018, 01:13:22
  5.8587,-0.00001,   -0.076,   0.0000, 01 May 2018, 01:13:52
  6.7290,-0.00001,   -0.076,   0.0000, 01 May 2018, 01:14:22
  6.7019,-0.00001,   -0.076,   0.0000, 01 May 2018, 01:14:52
  7.0699, 0.00000,   -0.076,   0.0000, 01 May 2018, 01:15:22
  7.1105, 0.00000,   -0.076,   0.0000, 01 May 2018, 01:15:52
  7.0155, 0.00000,   -0.076,   0.0000, 01 May 2018, 01:16:22
  7.1000, 0.00000,   -0.076,   0.0000, 01 May 2018, 01:16:52
  6.7752, 0.00000,   -0.076,   0.0000, 01 May 2018, 01:17:22
  6.9576,-0.00001,   -0.076,   0.0000, 01 May 2018, 01:17:52
  6.9951, 0.00000,   -0.076,   0.0000, 01 May 2018, 01:18:22
  7.4306, 0.00000,   -0.076,   0.0000, 01 May 2018, 01:18:52
  6.3648,-0.00001,   -0.076,   0.0000, 01 May 2018, 01:19:22
  7.2351, 0.00000,   -0.076,   0.0000, 01 May 2018, 01:19:52
  7.4300, 0.00000,   -0.076,   0.0000, 01 May 2018, 01:20:22
  7.1406, 0.00000,   -0.076,   0.0000, 01 May 2018, 01:20:52
  7.1226, 0.00000,   -0.076,   0.0000, 01 May 2018, 01:21:22
  6.7254,-0.00001,   -0.076,   0.0000, 01 May 2018, 01:21:52
  6.2039,-0.00001,   -0.076,   0.0000, 01 May 2018, 01:22:22
  6.2648,-0.00001,   -0.076,   0.0000, 01 May 2018, 01:22:52
  6.7774,-0.00001,   -0.076,   0.0000, 01 May 2018, 01:23:22
  7.4819, 0.00000,   -0.076,   0.0000, 01 May 2018, 01:23:52
  7.2369, 0.00000,   -0.076,   0.0000, 01 May 2018, 01:24:22
  6.8414,-0.00001,   -0.076,   0.0000, 01 May 2018, 01:24:52
  6.5746,-0.00001,   -0.076,   0.0000, 01 May 2018, 01:25:22
  6.3946,-0.00001,   -0.076,   0.0000, 01 May 2018, 01:25:52
  6.2536,-0.00001,   -0.076,   0.0000, 01 May 2018, 01:26:22
  6.3603,-0.00001,   -0.076,   0.0000, 01 May 2018, 01:26:52
  6.3722,-0.00001,   -0.076,   0.0000, 01 May 2018, 01:27:22
  6.3736,-0.00001,   -0.076,   0.0000, 01 May 2018, 01:27:52
  6.2885,-0.00001,   -0.076,   0.0000, 01 May 2018, 01:28:22
  6.2886,-0.00001,   -0.076,   0.0000, 01 May 2018, 01:28:52
  6.2787,-0.00001,   -0.094,   0.0000, 01 May 2018, 01:29:22
  6.2930,-0.00001,   -0.076,   0.0000, 01 May 2018, 01:29:52
  6.2372,-0.00001,   -0.094,   0.0000, 01 May 2018, 01:30:22
  6.2073,-0.00001,   -0.076,   0.0000, 01 May 2018, 01:30:52
  6.2062,-0.00001,   -0.076,   0.0000, 01 May 2018, 01:31:22
  6.1554,-0.00001,   -0.076,   0.0000, 01 May 2018, 01:31:52
  6.1951,-0.00001,   -0.076,   0.0000, 01 May 2018, 01:32:22
  6.1488,-0.00001,   -0.076,   0.0000, 01 May 2018, 01:32:52
  6.1894,-0.00001,   -0.076,   0.0000, 01 May 2018, 01:33:22
  6.2528,-0.00001,   -0.076,   0.0000, 01 May 2018, 01:33:52
  6.1461,-0.00001,   -0.076,   0.0000, 01 May 2018, 01:34:22
  6.2418,-0.00001,   -0.094,   0.0000, 01 May 2018, 01:34:52
  6.1208,-0.00001,   -0.076,   0.0000, 01 May 2018, 01:35:22
  6.1636,-0.00001,   -0.076,   0.0000, 01 May 2018, 01:35:52
  6.1680,-0.00001,   -0.076,   0.0000, 01 May 2018, 01:36:22
  6.1007,-0.00001,   -0.076,   0.0000, 01 May 2018, 01:36:52
  5.9737,-0.00001,   -0.076,   0.0000, 01 May 2018, 01:37:22
  5.9989,-0.00001,   -0.076,   0.0000, 01 May 2018, 01:37:52
  5.9789,-0.00001,   -0.076,   0.0000, 01 May 2018, 01:38:22
  5.9962,-0.00001,   -0.076,   0.0000, 01 May 2018, 01:38:52
  5.9072,-0.00001,   -0.094,   0.0000, 01 May 2018, 01:39:22
  5.9744,-0.00001,   -0.094,   0.0000, 01 May 2018, 01:39:52
  5.9270,-0.00001,   -0.094,   0.0000, 01 May 2018, 01:40:22
  5.9059,-0.00001,   -0.076,   0.0000, 01 May 2018, 01:40:52
  5.8543,-0.00001,   -0.076,   0.0000, 01 May 2018, 01:41:22
  5.8065,-0.00001,   -0.094,   0.0000, 01 May 2018, 01:41:52
  5.8295,-0.00001,   -0.076,   0.0000, 01 May 2018, 01:42:22
  5.7843,-0.00001,   -0.076,   0.0000, 01 May 2018, 01:42:52
  5.7422,-0.00001,   -0.094,   0.0000, 01 May 2018, 01:43:22
  5.7370,-0.00001,   -0.076,   0.0000, 01 May 2018, 01:43:52
  5.6656,-0.00001,   -0.094,   0.0000, 01 May 2018, 01:44:22
  5.7274,-0.00001,   -0.094,   0.0000, 01 May 2018, 01:44:52
  5.6887,-0.00001,   -0.094,   0.0000, 01 May 2018, 01:45:22
  5.6909,-0.00001,   -0.094,   0.0000, 01 May 2018, 01:45:52
  5.6868,-0.00001,   -0.094,   0.0000, 01 May 2018, 01:46:22
  5.5586,-0.00001,   -0.094,   0.0000, 01 May 2018, 01:46:52
  5.6266,-0.00001,   -0.094,   0.0000, 01 May 2018, 01:47:22
  5.5274,-0.00001,   -0.094,   0.0000, 01 May 2018, 01:47:52
  5.5338,-0.00001,   -0.094,   0.0000, 01 May 2018, 01:48:22
  5.5580,-0.00001,   -0.094,   0.0000, 01 May 2018, 01:48:52
  5.4998,-0.00001,   -0.094,   0.0000, 01 May 2018, 01:49:22
  5.4737,-0.00001,   -0.076,   0.0000, 01 May 2018, 01:49:52
  5.4465,-0.00001,   -0.094,   0.0000, 01 May 2018, 01:50:22
  5.4620,-0.00001,   -0.094,   0.0000, 01 May 2018, 01:50:52
  5.5092,-0.00001,   -0.094,   0.0000, 01 May 2018, 01:51:22
  5.4273,-0.00001,   -0.094,   0.0000, 01 May 2018, 01:51:52
  5.4712,-0.00001,   -0.076,   0.0000, 01 May 2018, 01:52:22
  5.3802,-0.00001,   -0.094,   0.0000, 01 May 2018, 01:52:52
  5.3535,-0.00001,   -0.076,   0.0000, 01 May 2018, 01:53:22
  5.3492,-0.00001,   -0.076,   0.0000, 01 May 2018, 01:53:52
  5.2907,-0.00001,   -0.076,   0.0000, 01 May 2018, 01:54:22
  5.3090,-0.00001,   -0.094,   0.0000, 01 May 2018, 01:54:52
  5.3773,-0.00001,   -0.076,   0.0000, 01 May 2018, 01:55:22
  5.4414,-0.00001,   -0.076,   0.0000, 01 May 2018, 01:55:52
  5.3980,-0.00001,   -0.076,   0.0000, 01 May 2018, 01:56:22
  5.3388,-0.00001,   -0.076,   0.0000, 01 May 2018, 01:56:52
  5.3578,-0.00001,   -0.076,   0.0000, 01 May 2018, 01:57:22
  5.3660,-0.00001,   -0.076,   0.0000, 01 May 2018, 01:57:52
  5.2578,-0.00001,   -0.076,   0.0000, 01 May 2018, 01:58:22
  5.2523,-0.00001,   -0.076,   0.0000, 01 May 2018, 01:58:52
  5.3082,-0.00001,   -0.094,   0.0000, 01 May 2018, 01:59:22
  5.2625,-0.00001,   -0.076,   0.0000, 01 May 2018, 01:59:52
  5.2868,-0.00001,   -0.076,   0.0000, 01 May 2018, 02:00:22
  5.2911,-0.00001,   -0.076,   0.0000, 01 May 2018, 02:00:52
  5.2670,-0.00001,   -0.076,   0.0000, 01 May 2018, 02:01:22
  5.2188,-0.00001,   -0.076,   0.0000, 01 May 2018, 02:01:52
  5.2543, 0.00000,   -0.076,   0.0000, 01 May 2018, 02:02:22
  5.2651,-0.00001,   -0.076,   0.0000, 01 May 2018, 02:02:52
  5.2816,-0.00001,   -0.076,   0.0000, 01 May 2018, 02:03:22
  5.2029,-0.00001,   -0.076,   0.0000, 01 May 2018, 02:03:52
  5.2231,-0.00001,   -0.076,   0.0000, 01 May 2018, 02:04:22
  5.1645,-0.00001,   -0.076,   0.0000, 01 May 2018, 02:04:52
  5.1833,-0.00001,   -0.076,   0.0000, 01 May 2018, 02:05:22
  5.2184, 0.00000,   -0.076,   0.0000, 01 May 2018, 02:05:52
  5.1903,-0.00001,   -0.076,   0.0000, 01 May 2018, 02:06:22
  5.2371, 0.00000,   -0.076,   0.0000, 01 May 2018, 02:06:52
  5.2218,-0.00001,   -0.076,   0.0000, 01 May 2018, 02:07:22
  5.2456, 0.00000,   -0.076,   0.0000, 01 May 2018, 02:07:52
  5.1973, 0.00000,   -0.076,   0.0000, 01 May 2018, 02:08:22
  5.2319, 0.00000,   -0.076,   0.0000, 01 May 2018, 02:08:52
  5.2257, 0.00000,   -0.076,   0.0000, 01 May 2018, 02:09:22
  5.1822, 0.00000,   -0.076,   0.0000, 01 May 2018, 02:09:52
  5.1633, 0.00000,   -0.076,   0.0000, 01 May 2018, 02:10:22
  5.1739, 0.00000,   -0.076,   0.0000, 01 May 2018, 02:10:52
  5.1943, 0.00000,   -0.076,   0.0000, 01 May 2018, 02:11:22
  5.2329, 0.00000,   -0.076,   0.0000, 01 May 2018, 02:11:52
  5.1664, 0.00000,   -0.076,   0.0000, 01 May 2018, 02:12:22
  5.2338, 0.00000,   -0.076,   0.0000, 01 May 2018, 02:12:52
  5.1525, 0.00000,   -0.076,   0.0000, 01 May 2018, 02:13:22
  5.1836, 0.00000,   -0.076,   0.0000, 01 May 2018, 02:13:52
  5.2277, 0.00000,   -0.076,   0.0000, 01 May 2018, 02:14:22
  5.2144, 0.00000,   -0.076,   0.0000, 01 May 2018, 02:14:52
  5.2139, 0.00000,   -0.076,   0.0000, 01 May 2018, 02:15:22
  5.2266, 0.00000,   -0.076,   0.0000, 01 May 2018, 02:15:52
  5.2008, 0.00000,   -0.076,   0.0000, 01 May 2018, 02:16:22
  5.2250, 0.00000,   -0.076,   0.0000, 01 May 2018, 02:16:52
  5.2954, 0.00000,   -0.076,   0.0000, 01 May 2018, 02:17:22
  5.3589, 0.00000,   -0.076,   0.0000, 01 May 2018, 02:17:52
  5.3025, 0.00000,   -0.076,   0.0000, 01 May 2018, 02:18:22
  5.1646, 0.00000,   -0.076,   0.0000, 01 May 2018, 02:18:52
  5.3174, 0.00000,   -0.076,   0.0000, 01 May 2018, 02:19:22
  5.4629, 0.00000,   -0.076,   0.0000, 01 May 2018, 02:19:52
  5.5217, 0.00000,   -0.076,   0.0000, 01 May 2018, 02:20:22
  5.5618, 0.00000,   -0.076,   0.0000, 01 May 2018, 02:20:52
  5.6097, 0.00000,   -0.076,   0.0000, 01 May 2018, 02:21:22
  5.5857, 0.00000,   -0.076,   0.0000, 01 May 2018, 02:21:52
  5.6133, 0.00000,   -0.076,   0.0000, 01 May 2018, 02:22:22
  5.5642, 0.00000,   -0.076,   0.0000, 01 May 2018, 02:22:52
  5.6389, 0.00000,   -0.076,   0.0000, 01 May 2018, 02:23:22
  5.6395, 0.00000,   -0.076,   0.0000, 01 May 2018, 02:23:52
  5.6057, 0.00000,   -0.076,   0.0000, 01 May 2018, 02:24:22
  5.6056, 0.00000,   -0.076,   0.0000, 01 May 2018, 02:24:52
  5.5386, 0.00000,   -0.058,   0.0000, 01 May 2018, 02:25:22
  5.5567, 0.00000,   -0.058,   0.0000, 01 May 2018, 02:25:52
  5.4912, 0.00000,   -0.076,   0.0000, 01 May 2018, 02:26:22
  5.5144, 0.00000,   -0.076,   0.0000, 01 May 2018, 02:26:52
  5.5331, 0.00000,   -0.076,   0.0000, 01 May 2018, 02:27:22
  5.5882, 0.00000,   -0.058,   0.0000, 01 May 2018, 02:27:52
  5.5837, 0.00000,   -0.076,   0.0000, 01 May 2018, 02:28:22
  5.6270, 0.00000,   -0.076,   0.0000, 01 May 2018, 02:28:52
  5.6377, 0.00000,   -0.076,   0.0000, 01 May 2018, 02:29:22
  5.6388, 0.00000,   -0.058,   0.0000, 01 May 2018, 02:29:52
  5.6167, 0.00000,   -0.076,   0.0000, 01 May 2018, 02:30:22
  5.6448, 0.00000,   -0.076,   0.0000, 01 May 2018, 02:30:52
  5.6513, 0.00000,   -0.076,   0.0000, 01 May 2018, 02:31:22
  5.6172, 0.00000,   -0.076,   0.0000, 01 May 2018, 02:31:52
  5.6053, 0.00000,   -0.058,   0.0000, 01 May 2018, 02:32:22
  5.5770, 0.00000,   -0.076,   0.0000, 01 May 2018, 02:32:52
  5.5335, 0.00000,   -0.076,   0.0000, 01 May 2018, 02:33:22
  5.5190, 0.00000,   -0.076,   0.0000, 01 May 2018, 02:33:52
  5.5038, 0.00000,   -0.076,   0.0000, 01 May 2018, 02:34:22
  5.4528, 0.00000,   -0.076,   0.0000, 01 May 2018, 02:34:52
  5.4583, 0.00000,   -0.076,   0.0000, 01 May 2018, 02:35:22
  5.4457, 0.00000,   -0.076,   0.0000, 01 May 2018, 02:35:52
  5.4424, 0.00000,   -0.076,   0.0000, 01 May 2018, 02:36:22
  5.4294, 0.00000,   -0.076,   0.0000, 01 May 2018, 02:36:52
  5.4273, 0.00000,   -0.076,   0.0000, 01 May 2018, 02:37:22
  5.4031, 0.00000,   -0.076,   0.0000, 01 May 2018, 02:37:52
  5.3808, 0.00000,   -0.076,   0.0000, 01 May 2018, 02:38:22
  5.3592, 0.00000,   -0.076,   0.0000, 01 May 2018, 02:38:52
  5.3739, 0.00000,   -0.076,   0.0000, 01 May 2018, 02:39:22
  5.3870, 0.00000,   -0.076,   0.0000, 01 May 2018, 02:39:52
  5.3678, 0.00000,   -0.076,   0.0000, 01 May 2018, 02:40:22
  5.3344, 0.00000,   -0.076,   0.0000, 01 May 2018, 02:40:52
  5.3480, 0.00000,   -0.076,   0.0000, 01 May 2018, 02:41:22
  5.3421, 0.00000,   -0.076,   0.0000, 01 May 2018, 02:41:52
  5.3470, 0.00000,   -0.076,   0.0000, 01 May 2018, 02:42:22
  5.3397, 0.00000,   -0.076,   0.0000, 01 May 2018, 02:42:52
  5.3265, 0.00000,   -0.076,   0.0000, 01 May 2018, 02:43:22
  5.3303, 0.00000,   -0.076,   0.0000, 01 May 2018, 02:43:52
  5.3436, 0.00000,   -0.076,   0.0000, 01 May 2018, 02:44:22
  5.3080, 0.00000,   -0.076,   0.0000, 01 May 2018, 02:44:52
  5.3320, 0.00000,   -0.076,   0.0000, 01 May 2018, 02:45:22
  5.3100, 0.00000,   -0.076,   0.0000, 01 May 2018, 02:45:52
  5.3211, 0.00000,   -0.076,   0.0000, 01 May 2018, 02:46:22
  5.3404, 0.00000,   -0.076,   0.0000, 01 May 2018, 02:46:52
  5.3289, 0.00000,   -0.076,   0.0000, 01 May 2018, 02:47:22
  5.3082, 0.00000,   -0.076,   0.0000, 01 May 2018, 02:47:52
  5.2946, 0.00000,   -0.076,   0.0000, 01 May 2018, 02:48:22
  5.3163, 0.00000,   -0.076,   0.0000, 01 May 2018, 02:48:52
  5.2607, 0.00000,   -0.076,   0.0000, 01 May 2018, 02:49:22
  5.2515, 0.00000,   -0.076,   0.0000, 01 May 2018, 02:49:52
  5.2356, 0.00000,   -0.076,   0.0000, 01 May 2018, 02:50:22
  5.2208, 0.00000,   -0.076,   0.0000, 01 May 2018, 02:50:52
  5.2570, 0.00000,   -0.076,   0.0000, 01 May 2018, 02:51:22
  5.2310, 0.00000,   -0.076,   0.0000, 01 May 2018, 02:51:52
  5.2223, 0.00000,   -0.076,   0.0000, 01 May 2018, 02:52:22
  5.2562, 0.00000,   -0.076,   0.0000, 01 May 2018, 02:52:52
  5.2455, 0.00000,   -0.076,   0.0000, 01 May 2018, 02:53:22
  5.2324, 0.00000,   -0.076,   0.0000, 01 May 2018, 02:53:52
  5.1937, 0.00000,   -0.076,   0.0000, 01 May 2018, 02:54:22
  5.2242, 0.00000,   -0.076,   0.0000, 01 May 2018, 02:54:52
  5.2198, 0.00000,   -0.076,   0.0000, 01 May 2018, 02:55:22
  5.2309, 0.00000,   -0.076,   0.0000, 01 May 2018, 02:55:52
  5.2514, 0.00000,   -0.076,   0.0000, 01 May 2018, 02:56:22
  5.2568, 0.00000,   -0.076,   0.0000, 01 May 2018, 02:56:52
  5.2104, 0.00000,   -0.076,   0.0000, 01 May 2018, 02:57:22
  5.1865, 0.00000,   -0.058,   0.0000, 01 May 2018, 02:57:52
  5.2036, 0.00001,   -0.076,   0.0021, 01 May 2018, 02:58:22
  5.1648, 0.00001,   -0.076,   0.0020, 01 May 2018, 02:58:52
  5.1330, 0.00000,   -0.076,   0.0000, 01 May 2018, 02:59:22
  5.1446, 0.00000,   -0.076,   0.0000, 01 May 2018, 02:59:52
  5.1742, 0.00000,   -0.076,   0.0000, 01 May 2018, 03:00:22
  5.1691, 0.00000,   -0.076,   0.0000, 01 May 2018, 03:00:52
  5.1419, 0.00000,   -0.076,   0.0000, 01 May 2018, 03:01:22
  5.1436, 0.00000,   -0.076,   0.0000, 01 May 2018, 03:01:52
  5.1333, 0.00000,   -0.076,   0.0000, 01 May 2018, 03:02:22
  5.1473, 0.00000,   -0.076,   0.0000, 01 May 2018, 03:02:52
  5.1147, 0.00000,   -0.076,   0.0000, 01 May 2018, 03:03:22
  5.1302, 0.00000,   -0.076,   0.0000, 01 May 2018, 03:03:52
  5.1090, 0.00000,   -0.058,   0.0000, 01 May 2018, 03:04:22
  5.0810, 0.00000,   -0.058,   0.0000, 01 May 2018, 03:04:52
  5.0821, 0.00000,   -0.076,   0.0000, 01 May 2018, 03:05:22
  5.0997, 0.00000,   -0.076,   0.0000, 01 May 2018, 03:05:52
  5.1052, 0.00001,   -0.076,   0.0020, 01 May 2018, 03:06:22
  5.1093, 0.00000,   -0.076,   0.0000, 01 May 2018, 03:06:52
