staticdata/example_data/profile_data/ctd004.cnv
* Sea-Bird SBE 9 Data File:
* FileName = C:\Sea-Bird Data\2018\DY-18-05\CTD\CTD004.hex
* Software Version Seasave V 7.23.2
* Temperature SN = 4379
* Conductivity SN = 042985
* Number of Bytes Per Scan = 37
* Number of Voltage Words = 4
* Number of Scans Averaged by the Deck Unit = 1
* NMEA Latitude = 57 01.08 N
* NMEA Longitude = 164 13.12 W
* NMEA UTC (Time) = May 01 2018  11:36:24
* NMEA baud rate = 4800
# nquan = 23
# nvalues = 60                          
# units = specified
# name 0 = c0mS/cm: Conductivity [mS/cm]
# name 1 = c1mS/cm: Conductivity, 2 [mS/cm]
# name 2 = flECO-AFL: Fluorescence, WET Labs ECO-AFL/FL [mg/m^3]
# name 3 = sbeox0V: Oxygen raw, SBE 43 [V]
# name 4 = t090C: Temperature [ITS-90, deg C]
# name 5 = t190C: Temperature, 2 [ITS-90, deg C]
# name 6 = timeS: Time, Elapsed [seconds]
# name 7 = prDM: Pressure, Digiquartz [db]
# name 8 = sbeox1V: Oxygen raw, SBE 43, 2 [V]
# name 9 = par: PAR/Irradiance, Biospherical/Licor
# name 10 = turbWETntu0: Turbidity, WET Labs ECO [NTU]
# name 11 = sal00: Salinity, Practical [PSU]
# name 12 = sal11: Salinity, Practical, 2 [PSU]
# name 13 = sigma-t00: Density [sigma-t, kg/m^3 ]
# name 14 = sigma-t11: Density, 2 [sigma-t, kg/m^3 ]
# name 15 = sbeox0ML/L: Oxygen, SBE 43 [ml/l], WS = 2
# name 16 = sbox0Mm/Kg: Oxygen, SBE 43 [umol/kg], WS = 2
# name 17 = sbeox0PS: Oxygen, SBE 43 [% saturation], WS = 2
# name 18 = sbeox1ML/L: Oxygen, SBE 43, 2 [ml/l], WS = 2
# name 19 = sbox1Mm/Kg: Oxygen, SBE 43, 2 [umol/kg], WS = 2
# name 20 = sbeox1PS: Oxygen, SBE 43, 2 [% saturation], WS = 2
# name 21 = nbin: number of scans per bin
# name 22 = flag: flag
# span 0 =  29.822420,  29.858234       
# span 1 =  29.822790,  29.859125       
# span 2 =     0.6545,     0.8088       
# span 3 =     2.4925,     2.5153       
# span 4 =     3.6467,     3.6999       
# span 5 =     3.6448,     3.6998       
# span 6 =     99.053,    224.204       
# span 7 =      5.000,     64.000       
# span 8 =     2.5751,     2.5986       
# span 9 = 2.1011e-01, 6.8881e-01       
# span 10 =     0.8482,     1.5817      
# span 11 =    32.0773,    32.0833      
# span 12 =    32.0797,    32.0856      
# span 13 =    25.4944,    25.4955      
# span 14 =    25.4963,    25.4974      
# span 15 =     7.2651,     7.2999      
# span 16 =    316.392,    317.908      
# span 17 =     97.495,     98.071      
# span 18 =     7.2350,     7.2949      
# span 19 =    315.081,    317.690      
# span 20 =     97.093,     97.976      
# span 21 =         14,         75      
# span 22 = 0.0000e+00, 0.0000e+00      
# interval = decibars: 1                
# start_time = May 01 2018 11:36:24 [NMEA time, header]
# bad_flag = -9.990e-29
*END*
  29.844558  29.846324     0.7526     2.5149     3.6986     3.6983     99.053      5.000     2.5975 6.8881e-01     0.9010    32.0830    32.0853    25.4950    25.4969     7.2999    317.908     98.071     7.2507    315.768     97.412         16 0.0000e+00
  29.843830  29.845514     0.7845     2.5153     3.6969     3.6966    100.188      6.000     2.5957 6.5663e-01     0.8841    32.0832    32.0856    25.4954    25.4972     7.2968    317.775     98.026     7.2601    316.172     97.533         26 0.0000e+00
  29.846086  29.847518     0.7879     2.5153     3.6994     3.6986    101.228      7.000     2.5959 6.3435e-01     0.8985    32.0830    32.0855    25.4949    25.4969     7.2936    317.633     97.988     7.2762    316.877     97.755         25 0.0000e+00
  29.846703  29.848614     0.7781     2.5144     3.6999     3.6998    104.020      8.000     2.5984 4.6298e-01     0.9142    32.0827    32.0851    25.4946    25.4966     7.2931    317.614     97.983     7.2809    317.080     97.820         36 0.0000e+00
  29.847377  29.848897     0.7586     2.5137     3.6998     3.6993    107.827      9.000     2.5986 3.0470e-01     0.9264    32.0831    32.0854    25.4950    25.4968     7.2892    317.442     97.930     7.2707    316.637     97.682         18 0.0000e+00
  29.846505  29.849167     0.7652     2.5134     3.6980     3.6989    108.493     10.000     2.5982 2.8695e-01     0.9364    32.0833    32.0856    25.4953    25.4970     7.2875    317.369     97.903     7.2609    316.209     97.549         15 0.0000e+00
  29.846464  29.848784     0.7718     2.5129     3.6976     3.6979    109.154     11.000     2.5960 2.6922e-01     0.9457    32.0831    32.0856    25.4952    25.4971     7.2878    317.380     97.906     7.2532    315.873     97.443         17 0.0000e+00
  29.846397  29.848363     0.7863     2.5126     3.6973     3.6973    111.525     12.000     2.5949 2.2769e-01     0.9294    32.0829    32.0852    25.4950    25.4969     7.2909    317.514     97.946     7.2635    316.324     97.581         32 0.0000e+00
  29.846082  29.848186     0.7523     2.5125     3.6967     3.6970    116.416     13.000     2.5960 2.1047e-01     0.9038    32.0825    32.0848    25.4948    25.4966     7.2934    317.624     97.978     7.2792    317.008     97.791         59 0.0000e+00
  29.845894  29.848361     0.7124     2.5125     3.6962     3.6968    118.806     14.000     2.5966 2.1013e-01     0.8482    32.0823    32.0847    25.4947    25.4965     7.2907    317.509     97.942     7.2646    316.371     97.594         28 0.0000e+00
  29.845460  29.846505     0.7494     2.5121     3.6951     3.6940    119.676     15.000     2.5957 2.1013e-01     0.9804    32.0824    32.0847    25.4948    25.4968     7.2920    317.562     97.955     7.2665    316.455     97.613         20 0.0000e+00
  29.843093  29.840625     0.8088     2.5118     3.6919     3.6870    120.552     16.000     2.5949 2.1013e-01     1.0690    32.0822    32.0841    25.4950    25.4969     7.2927    317.594     97.957     7.2662    316.442     97.592         24 0.0000e+00
  29.839786  29.843613     0.7488     2.5111     3.6881     3.6903    124.229     17.000     2.5942 2.1013e-01     1.0815    32.0815    32.0839    25.4948    25.4965     7.2925    317.587     97.946     7.2705    316.626     97.656         33 0.0000e+00
  29.848010  29.849689     0.7689     2.5103     3.6966     3.6963    127.417     18.000     2.5946 2.1013e-01     0.9726    32.0824    32.0846    25.4947    25.4965     7.2923    317.578     97.964     7.2692    316.570     97.654         26 0.0000e+00
  29.848742  29.850748     0.7509     2.5103     3.6971     3.6973    128.992     19.000     2.5936 2.1012e-01     0.9137    32.0822    32.0844    25.4945    25.4963     7.2858    317.296     97.878     7.2670    316.475     97.627         43 0.0000e+00
  29.848773  29.851220     0.7241     2.5097     3.6967     3.6972    130.977     20.000     2.5925 2.1012e-01     0.9252    32.0821    32.0845    25.4944    25.4963     7.2918    317.554     97.956     7.2579    316.080     97.505         49 0.0000e+00
  29.845413  29.847229     0.7272     2.5093     3.6924     3.6923    134.700     21.000     2.5935 2.1013e-01     0.8931    32.0819    32.0841    25.4947    25.4965     7.2863    317.315     97.872     7.2770    316.910     97.749         62 0.0000e+00
  29.843779  29.845732     0.7326     2.5079     3.6902     3.6901    137.183     22.000     2.5946 2.1012e-01     0.9128    32.0816    32.0840    25.4946    25.4966     7.2857    317.290     97.859     7.2779    316.949     97.755         30 0.0000e+00
  29.844378  29.845214     0.7609     2.5088     3.6901     3.6890    138.130     23.000     2.5946 2.1013e-01     0.9653    32.0819    32.0839    25.4949    25.4966     7.2923    317.578     97.948     7.2797    317.028     97.777         21 0.0000e+00
  29.847742  29.847231     0.7426     2.5083     3.6933     3.6906    139.049     24.000     2.5946 2.1013e-01     1.0144    32.0822    32.0842    25.4948    25.4967     7.2899    317.471     97.923     7.2799    317.037     97.784         24 0.0000e+00
  29.847027  29.849179     0.7560     2.5087     3.6922     3.6923    141.313     25.000     2.5935 2.1012e-01     0.9705    32.0819    32.0843    25.4947    25.4966     7.2907    317.506     97.931     7.2772    316.918     97.751         46 0.0000e+00
  29.849984  29.852168     0.7581     2.5080     3.6948     3.6950    145.365     26.000     2.5913 2.1013e-01     0.9457    32.0823    32.0848    25.4948    25.4967     7.2920    317.566     97.956     7.2901    317.480     97.932         25 0.0000e+00
  29.844693  29.845066     0.7532     2.5083     3.6885     3.6867    146.272     27.000     2.5943 2.1012e-01     0.9520    32.0817    32.0839    25.4949    25.4968     7.2928    317.600     97.951     7.2949    317.690     97.976         23 0.0000e+00
  29.845349  29.845440     0.7691     2.5083     3.6889     3.6869    147.312     28.000     2.5937 2.1013e-01     1.0274    32.0816    32.0837    25.4948    25.4966     7.2930    317.606     97.954     7.2648    316.378     97.572         28 0.0000e+00
  29.845227  29.846289     0.7643     2.5080     3.6885     3.6876    149.626     29.000     2.5903 2.1013e-01     0.9921    32.0813    32.0835    25.4946    25.4964     7.2910    317.522     97.926     7.2638    316.334     97.559         75 0.0000e+00
  29.844107  29.846023     0.7270     2.5068     3.6868     3.6868    153.112     30.000     2.5898 2.1013e-01     1.0199    32.0811    32.0834    25.4946    25.4964     7.2863    317.316     97.859     7.2701    316.611     97.643         44 0.0000e+00
  29.844996  29.846961     0.7273     2.5067     3.6873     3.6874    154.785     31.000     2.5899 2.1012e-01     1.0396    32.0812    32.0835    25.4946    25.4964     7.2904    317.492     97.914     7.2705    316.626     97.649         37 0.0000e+00
  29.845795  29.847899     0.7310     2.5067     3.6877     3.6878    156.100     32.000     2.5898 2.1013e-01     1.0483    32.0813    32.0836    25.4946    25.4965     7.2895    317.454     97.903     7.2715    316.672     97.664         28 0.0000e+00
  29.846901  29.848676     0.7430     2.5063     3.6884     3.6883    157.372     33.000     2.5898 2.1011e-01     1.0390    32.0814    32.0836    25.4947    25.4964     7.2894    317.451     97.904     7.2723    316.707     97.676         36 0.0000e+00
  29.847020  29.848478     0.7336     2.5055     3.6882     3.6876    159.889     34.000     2.5898 2.1013e-01     0.9678    32.0812    32.0835    25.4945    25.4964     7.2856    317.287     97.853     7.2725    316.717     97.677         69 0.0000e+00
  29.844889  29.847188     0.7187     2.5047     3.6854     3.6857    163.848     35.000     2.5885 2.1013e-01     1.0915    32.0809    32.0833    25.4946    25.4964     7.2861    317.309     97.853     7.2637    316.330     97.554         58 0.0000e+00
  29.845690  29.847907     0.7637     2.5047     3.6855     3.6859    165.019     36.000     2.5867 2.1013e-01     1.0200    32.0812    32.0835    25.4948    25.4966     7.2882    317.398     97.881     7.2501    315.739     97.372         23 0.0000e+00
  29.841317  29.842356     0.7629     2.5046     3.6801     3.6792    165.894     37.000     2.5854 2.1013e-01     1.1186    32.0808    32.0830    25.4950    25.4968     7.2874    317.364     97.858     7.2544    315.926     97.413         22 0.0000e+00
  29.843791  29.845106     0.7307     2.5038     3.6827     3.6821    168.126     38.000     2.5850 2.1013e-01     1.0877    32.0806    32.0829    25.4946    25.4964     7.2841    317.222     97.820     7.2600    316.169     97.495         51 0.0000e+00
  29.845988  29.847926     0.7181     2.5034     3.6846     3.6847    171.517     39.000     2.5850 2.1012e-01     1.1169    32.0809    32.0831    25.4947    25.4964     7.2853    317.274     97.840     7.2619    316.252     97.527         31 0.0000e+00
  29.847598  29.849618     0.7230     2.5031     3.6857     3.6860    172.637     40.000     2.5849 2.1012e-01     1.0844    32.0812    32.0833    25.4948    25.4964     7.2831    317.176     97.813     7.2623    316.268     97.535         26 0.0000e+00
  29.848148  29.850579     0.7230     2.5028     3.6859     3.6865    173.731     41.000     2.5849 2.1013e-01     1.0426    32.0812    32.0835    25.4947    25.4965     7.2850    317.260     97.839     7.2634    316.319     97.552         28 0.0000e+00
  29.852626  29.854294     0.7200     2.5030     3.6902     3.6901    176.415     42.000     2.5849 2.1013e-01     0.9919    32.0818    32.0838    25.4948    25.4965     7.2878    317.381     97.887     7.2640    316.343     97.568         49 0.0000e+00
  29.855058  29.857216     0.7601     2.5029     3.6925     3.6927    180.400     43.000     2.5852 2.1013e-01     1.0003    32.0819    32.0842    25.4947    25.4965     7.2874    317.363     97.887     7.2778    316.947     97.761         23 0.0000e+00
  29.856606  29.858076     0.7372     2.5030     3.6934     3.6931    181.175     44.000     2.5875 2.1013e-01     1.0565    32.0823    32.0844    25.4949    25.4966     7.2883    317.403     97.902     7.2765    316.891     97.745         18 0.0000e+00
  29.858234  29.859125     0.7513     2.5030     3.6947     3.6938    181.893     45.000     2.5856 2.1013e-01     1.0449    32.0824    32.0843    25.4949    25.4965     7.2897    317.463     97.924     7.2525    315.843     97.424         17 0.0000e+00
  29.857451  29.857731     0.7725     2.5031     3.6935     3.6915    182.629     46.000     2.5849 2.1013e-01     1.0308    32.0822    32.0844    25.4948    25.4968     7.2908    317.512     97.936     7.2623    316.268     97.549         20 0.0000e+00
  29.838103  29.837666     0.7497     2.5018     3.6722     3.6692    185.387     47.000     2.5846 2.1013e-01     1.1005    32.0797    32.0820    25.4948    25.4969     7.2898    317.469     97.870     7.2703    316.620     97.603         29 0.0000e+00
  29.835146  29.837729     0.6744     2.4991     3.6681     3.6688    190.151     48.000     2.5835 2.1013e-01     1.1592    32.0796    32.0820    25.4951    25.4970     7.2814    317.103     97.747     7.2551    315.958     97.398         15 0.0000e+00
  29.835704  29.837387     0.6717     2.4992     3.6682     3.6679    190.802     49.000     2.5825 2.1013e-01     1.3639    32.0797    32.0820    25.4952    25.4970     7.2858    317.293     97.806     7.2459    315.556     97.272         15 0.0000e+00
  29.836226  29.838114     0.6792     2.4993     3.6683     3.6685    191.454     50.000     2.5805 2.1013e-01     1.3222    32.0797    32.0818    25.4952    25.4968     7.2867    317.333     97.819     7.2450    315.518     97.261         17 0.0000e+00
  29.835236  29.837936     0.6860     2.4994     3.6668     3.6678    192.244     51.000     2.5800 2.1013e-01     1.2755    32.0794    32.0817    25.4951    25.4968     7.2855    317.282     97.799     7.2568    316.030     97.417         23 0.0000e+00
  29.825124  29.828939     0.6811     2.4978     3.6552     3.6573    196.469     52.000     2.5785 2.1011e-01     1.2959    32.0784    32.0809    25.4953    25.4971     7.2817    317.115     97.719     7.2472    315.614     97.264         22 0.0000e+00
  29.824597  29.827037     0.6742     2.4973     3.6539     3.6547    199.501     53.000     2.5758 2.1013e-01     1.3238    32.0785    32.0806    25.4955    25.4972     7.2810    317.084     97.707     7.2350    315.081     97.093         14 0.0000e+00
  29.827084  29.829609     0.6766     2.4963     3.6565     3.6573    201.029     54.000     2.5768 2.1013e-01     1.5166    32.0784    32.0806    25.4952    25.4969     7.2770    316.912     97.660     7.2621    316.263     97.463         32 0.0000e+00
  29.829713  29.832154     0.6774     2.4945     3.6590     3.6597    204.488     55.000     2.5797 2.1013e-01     1.2259    32.0785    32.0807    25.4951    25.4968     7.2727    316.725     97.608     7.2610    316.214     97.454         27 0.0000e+00
  29.830487  29.832613     0.6873     2.4945     3.6595     3.6597    206.216     56.000     2.5795 2.1013e-01     1.2847    32.0785    32.0808    25.4950    25.4969     7.2748    316.815     97.637     7.2655    316.408     97.514         52 0.0000e+00
  29.826528  29.828260     0.7909     2.4931     3.6545     3.6545    210.957     57.000     2.5798 2.1012e-01     1.1973    32.0781    32.0803    25.4952    25.4969     7.2651    316.392     97.495     7.2729    316.730     97.600         36 0.0000e+00
  29.824947  29.825301     0.7380     2.4929     3.6520     3.6505    211.559     58.000     2.5796 2.1013e-01     1.3214    32.0782    32.0801    25.4955    25.4972     7.2724    316.712     97.587     7.2666    316.459     97.507         18 0.0000e+00
  29.827690  29.828601     0.6634     2.4932     3.6545     3.6537    212.318     59.000     2.5795 2.1013e-01     1.3960    32.0785    32.0804    25.4955    25.4971     7.2768    316.901     97.652     7.2530    315.867     97.333         19 0.0000e+00
  29.829223  29.831018     0.6703     2.4936     3.6561     3.6560    213.878     60.000     2.5764 2.1013e-01     1.3558    32.0783    32.0805    25.4952    25.4969     7.2780    316.953     97.671     7.2434    315.449     97.209         44 0.0000e+00
  29.827623  29.829508     0.6862     2.4933     3.6538     3.6538    217.931     61.000     2.5759 2.1012e-01     1.3422    32.0781    32.0803    25.4952    25.4970     7.2762    316.875     97.642     7.2640    316.344     97.480         40 0.0000e+00
  29.831539  29.833728     0.7011     2.4932     3.6578     3.6580    220.000     62.000     2.5756 2.1013e-01     1.3381    32.0783    32.0807    25.4951    25.4970     7.2743    316.794     97.626     7.2520    315.821     97.329         57 0.0000e+00
  29.830129  29.832419     0.6945     2.4925     3.6557     3.6561    222.468     63.000     2.5751 2.1013e-01     1.2783    32.0782    32.0805    25.4952    25.4970     7.2716    316.675     97.585     7.2565    316.018     97.385         41 0.0000e+00
  29.822420  29.822790     0.6545     2.4926     3.6467     3.6448    224.204     64.000     2.5751 2.1013e-01     1.5817    32.0773    32.0797    25.4953    25.4974     7.2850    317.260     97.743     7.2597    316.157     97.400         20 0.0000e+00
