staticdata/example_data/profile_data/ctd004.ros
* Sea-Bird SBE 9 Data File:
* FileName = C:\Sea-Bird Data\2018\DY-18-05\CTD\CTD004.hex
* Software Version Seasave V 7.23.2
* Temperature SN = 4379
* Conductivity SN = 042985
* Number of Bytes Per Scan = 37
* Number of Voltage Words = 4
* Number of Scans Averaged by the Deck Unit = 1
* NMEA Latitude = 57 01.08 N
* NMEA Longitude = 164 13.12 W
* NMEA UTC (Time) = May 01 2018  11:36:24
* NMEA baud rate = 4800
# nquan = 15
# nvalues = 392                                   
# units = specified
# name 0 = bpos: Bottle Position in Carousel
# name 1 = depSM: Depth [salt water, m]
# name 2 = flECO-AFL: Fluorescence, WET Labs ECO-AFL/FL [mg/m^3]
# name 3 = sbeox0V: Oxygen raw, SBE 43 [V]
# name 4 = sbeox1V: Oxygen raw, SBE 43, 2 [V]
# name 5 = dz/dtM: Descent Rate [m/s]
# name 6 = c1mS/cm: Conductivity, 2 [mS/cm]
# name 7 = c0mS/cm: Conductivity [mS/cm]
# name 8 = t090C: Temperature [ITS-90, deg C]
# name 9 = t190C: Temperature, 2 [ITS-90, deg C]
# name 10 = turbWETntu0: Turbidity, WET Labs ECO [NTU]
# name 11 = prDM: Pressure, Digiquartz [db]
# name 12 = scan: Scan Count
# name 13 = nbf: Bottles Fired
# name 14 = flag:  0.000e+00
# interval = seconds: 0.0416667
# start_time = May 01 2018 11:36:24 [NMEA time, header]
# bad_flag = -9.990e-29
*END*
[from data line 193]
          4     40.607     0.6742     2.5007     2.5838      0.217  29.840678  29.839295     3.6764     3.6762     1.2939     40.987       9243          4  0.000e+00
          4     40.601     0.6742     2.4995     2.5825      0.200  29.840895  29.839178     3.6757     3.6764     1.2572     40.981       9244          4  0.000e+00
          4     40.601     0.6619     2.5007     2.5825      0.181  29.841168  29.838305     3.6750     3.6769     1.2328     40.981       9245          4  0.000e+00
          5     30.484     0.7474     2.5056     2.5899     -0.582  29.850673  29.848403     3.6914     3.6917     0.9337     30.769      10361          5  0.000e+00
          5     30.577     0.7596     2.5056     2.5886     -0.565  29.850619  29.848170     3.6913     3.6917     0.9337     30.862      10362          5  0.000e+00
          5     30.527     0.7596     2.5056     2.5886     -0.548  29.850618  29.848694     3.6914     3.6917     0.9276     30.813      10363          5  0.000e+00
          5     30.577     0.7596     2.5056     2.5886     -0.531  29.850183  29.848694     3.6914     3.6917     0.9276     30.862      10364          5  0.000e+00
          5     30.527     0.7474     2.5056     2.5886     -0.512  29.850455  29.848461     3.6914     3.6917     0.9337     30.813      10365          5  0.000e+00
          5     30.577     0.7474     2.5056     2.5886     -0.494  29.850401  29.848578     3.6915     3.6917     0.9337     30.862      10366          5  0.000e+00
          5     30.577     0.7596     2.5056     2.5886     -0.473  29.850510  29.848403     3.6913     3.6917     0.9337     30.862      10367          5  0.000e+00
          5     30.577     0.7718     2.5056     2.5886     -0.449  29.850401  29.848345     3.6914     3.6915     0.9276     30.862      10368          5  0.000e+00
          5     30.527     0.7718     2.5056     2.5899     -0.432  29.850782  29.848752     3.6917     3.6915     0.9337     30.813      10369          5  0.000e+00
          5     30.620     0.7718     2.5056     2.5874     -0.405  29.850455  29.848927     3.6913     3.6915     0.9276     30.906      10370          5  0.000e+00
          5     30.577     0.7718     2.5056     2.5886     -0.386  29.850510  29.848287     3.6914     3.6917     0.9276     30.862      10371          5  0.000e+00
          5     30.577     0.7718     2.5056     2.5886     -0.364  29.850782  29.848112     3.6914     3.6917     0.9337     30.862      10372          5  0.000e+00
          5     30.620     0.7718     2.5056     2.5899     -0.339  29.850455  29.848287     3.6914     3.6919     0.9337     30.906      10373          5  0.000e+00
          5     30.620     0.7718     2.5056     2.5899     -0.315  29.850728  29.848520     3.6914     3.6919     0.9276     30.906      10374          5  0.000e+00
          5     30.620     0.7718     2.5044     2.5899     -0.293  29.850455  29.848403     3.6915     3.6917     0.9337     30.906      10375          5  0.000e+00
          5     30.663     0.7718     2.5056     2.5899     -0.267  29.850782  29.848520     3.6914     3.6920     0.9337     30.949      10376          5  0.000e+00
          5     30.663     0.7718     2.5056     2.5886     -0.242  29.850673  29.848403     3.6914     3.6915     0.9276     30.949      10377          5  0.000e+00
          5     30.663     0.7718     2.5056     2.5899     -0.218  29.850619  29.848520     3.6915     3.6919     0.9337     30.949      10378          5  0.000e+00
          5     30.712     0.7718     2.5056     2.5886     -0.191  29.850783  29.848462     3.6916     3.6915     0.9276     30.999      10379          5  0.000e+00
          5     30.712     0.7718     2.5056     2.5886     -0.165  29.850674  29.848811     3.6914     3.6917     0.9276     30.999      10380          5  0.000e+00
          5     30.712     0.7718     2.5044     2.5899     -0.141  29.850619  29.848695     3.6915     3.6917     0.9276     30.999      10381          5  0.000e+00
          5     30.712     0.7718     2.5056     2.5886     -0.117  29.850619  29.848636     3.6913     3.6917     0.9276     30.999      10382          5  0.000e+00
          5     30.755     0.7718     2.5056     2.5886     -0.092  29.850837  29.849044     3.6913     3.6917     0.9276     31.043      10383          5  0.000e+00
          5     30.755     0.7718     2.5056     2.5886     -0.069  29.850456  29.848753     3.6915     3.6919     0.9276     31.043      10384          5  0.000e+00
          5     30.798     0.7718     2.5056     2.5899     -0.043  29.850510  29.848637     3.6914     3.6915     0.9337     31.086      10385          5  0.000e+00
          5     30.798     0.7718     2.5068     2.5899     -0.020  29.850837  29.848637     3.6914     3.6919     0.9337     31.086      10386          5  0.000e+00
          5     30.798     0.7718     2.5068     2.5899      0.001  29.850892  29.848462     3.6915     3.6917     0.9337     31.086      10387          5  0.000e+00
          5     30.847     0.7718     2.5068     2.5899      0.025  29.850674  29.848579     3.6914     3.6914     0.9337     31.136      10388          5  0.000e+00
          5     30.755     0.7718     2.5056     2.5899      0.043  29.850619  29.848811     3.6914     3.6919     0.9337     31.043      10389          5  0.000e+00
          5     30.933     0.7718     2.5044     2.5899      0.070  29.850620  29.848695     3.6914     3.6917     0.9337     31.223      10390          5  0.000e+00
          5     30.890     0.7718     2.5044     2.5899      0.090  29.851001  29.848637     3.6916     3.6919     0.9276     31.179      10391          5  0.000e+00
          5     30.890     0.7718     2.5056     2.5899      0.111  29.850729  29.848812     3.6913     3.6917     0.9276     31.179      10392          5  0.000e+00
          5     30.890     0.7474     2.5056     2.5899      0.131  29.850620  29.848462     3.6915     3.6917     0.9520     31.179      10393          5  0.000e+00
          5     30.933     0.7352     2.5056     2.5899      0.150  29.850620  29.848579     3.6914     3.6915     0.9581     31.223      10394          5  0.000e+00
          5     30.933     0.7352     2.5056     2.5899      0.166  29.850838  29.849045     3.6916     3.6917     0.9642     31.223      10395          5  0.000e+00
          5     30.933     0.7352     2.5056     2.5899      0.182  29.850892  29.848754     3.6915     3.6917     0.9642     31.223      10396          5  0.000e+00
          5     30.983     0.7352     2.5056     2.5899      0.199  29.850892  29.848812     3.6914     3.6917     0.9642     31.272      10397          5  0.000e+00
          5     30.983     0.7352     2.5044     2.5899      0.216  29.850947  29.849103     3.6915     3.6919     0.9642     31.272      10398          5  0.000e+00
          5     30.983     0.7352     2.5056     2.5899      0.230  29.850674  29.848987     3.6916     3.6917     0.9642     31.272      10399          5  0.000e+00
          5     31.026     0.7352     2.5056     2.5899      0.242  29.850838  29.848696     3.6914     3.6919     0.9642     31.316      10400          5  0.000e+00
          5     31.026     0.7352     2.5056     2.5899      0.256  29.850892  29.848637     3.6917     3.6920     0.9642     31.316      10401          5  0.000e+00
          5     31.026     0.7352     2.5056     2.5899      0.266  29.850892  29.849045     3.6916     3.6919     0.9642     31.316      10402          5  0.000e+00
          5     31.069     0.7352     2.5056     2.5899      0.278  29.850675  29.848987     3.6917     3.6917     0.9642     31.359      10403          5  0.000e+00
          5     30.983     0.7352     2.5056     2.5899      0.283  29.851001  29.849336     3.6917     3.6919     0.9642     31.272      10404          5  0.000e+00
          5     31.161     0.7352     2.5056     2.5899      0.298  29.851002  29.849045     3.6914     3.6920     0.9642     31.452      10405          5  0.000e+00
          5     31.069     0.7352     2.5068     2.5899      0.306  29.850892  29.848929     3.6916     3.6919     0.9642     31.359      10406          5  0.000e+00
          5     31.118     0.7352     2.5056     2.5899      0.310  29.850893  29.848696     3.6915     3.6919     0.9642     31.409      10407          5  0.000e+00
          5     31.069     0.7352     2.5056     2.5899      0.318  29.850947  29.848637     3.6916     3.6919     0.9642     31.359      10408          5  0.000e+00
          5     31.118     0.7352     2.5056     2.5899      0.325  29.851111  29.848638     3.6916     3.6919     0.9642     31.409      10409          5  0.000e+00
          6     19.736     0.7352     2.5081     2.5923     -0.015  29.822858  29.819739     3.6640     3.6652     1.0375     19.920      11727          6  0.000e+00
          6     19.693     0.7352     2.5081     2.5911     -0.021  29.822586  29.819448     3.6641     3.6652     1.0375     19.877      11728          6  0.000e+00
          6     19.693     0.7352     2.5081     2.5911     -0.030  29.822586  29.819506     3.6644     3.6652     1.0375     19.877      11729          6  0.000e+00
          6     19.693     0.7352     2.5081     2.5911     -0.036  29.822313  29.819564     3.6641     3.6650     1.0375     19.877      11730          6  0.000e+00
          6     19.693     0.7352     2.5081     2.5911     -0.042  29.822041  29.819622     3.6642     3.6647     1.0314     19.877      11731          6  0.000e+00
          6     19.736     0.7352     2.5081     2.5911     -0.045  29.822150  29.819797     3.6641     3.6645     1.0314     19.920      11732          6  0.000e+00
          6     19.693     0.7352     2.5081     2.5911     -0.050  29.822313  29.819913     3.6644     3.6645     1.0375     19.877      11733          6  0.000e+00
          6     19.736     0.7352     2.5081     2.5899     -0.051  29.821823  29.819390     3.6647     3.6645     1.0314     19.920      11734          6  0.000e+00
          6     19.736     0.7352     2.5081     2.5899     -0.054  29.821496  29.819914     3.6644     3.6647     1.0375     19.920      11735          6  0.000e+00
          6     19.693     0.7352     2.5081     2.5899     -0.056  29.822259  29.819739     3.6646     3.6648     1.0375     19.877      11736          6  0.000e+00
          6     19.736     0.7352     2.5081     2.5899     -0.056  29.822259  29.819797     3.6644     3.6648     1.0375     19.920      11737          6  0.000e+00
          6     19.693     0.7352     2.5081     2.5899     -0.058  29.822041  29.819855     3.6646     3.6650     1.0375     19.877      11738          6  0.000e+00
          6     19.736     0.7352     2.5081     2.5899     -0.058  29.822150  29.820030     3.6645     3.6645     1.0375     19.920      11739          6  0.000e+00
          6     19.742     0.7352     2.5081     2.5911     -0.057  29.821878  29.819972     3.6646     3.6645     1.0375     19.926      11740          6  0.000e+00
          6     19.736     0.7352     2.5068     2.5911     -0.053  29.821660  29.819681     3.6644     3.6644     1.0375     19.920      11741          6  0.000e+00
          6     19.736     0.7352     2.5068     2.5899     -0.052  29.822150  29.819623     3.6647     3.6645     1.0375     19.920      11742          6  0.000e+00
          6     19.736     0.7352     2.5068     2.5899     -0.052  29.821823  29.819972     3.6652     3.6647     1.0375     19.920      11743          6  0.000e+00
          6     19.736     0.7352     2.5068     2.5899     -0.048  29.821932  29.820786     3.6658     3.6648     1.0375     19.920      11744          6  0.000e+00
          6     19.779     0.7352     2.5068     2.5899     -0.044  29.822150  29.821368     3.6663     3.6648     1.0375     19.964      11745          6  0.000e+00
          6     19.736     0.7352     2.5068     2.5911     -0.040  29.822313  29.821368     3.6664     3.6652     1.0008     19.920      11746          6  0.000e+00
          6     19.779     0.7474     2.5068     2.5899     -0.036  29.822477  29.821834     3.6670     3.6650     0.9703     19.964      11747          6  0.000e+00
          6     19.779     0.7474     2.5081     2.5899     -0.029  29.822368  29.822299     3.6671     3.6652     0.9642     19.964      11748          6  0.000e+00
          6     19.779     0.7474     2.5081     2.5911     -0.025  29.822477  29.822183     3.6673     3.6652     0.9642     19.964      11749          6  0.000e+00
          6     19.779     0.7596     2.5081     2.5911     -0.020  29.822804  29.821892     3.6677     3.6658     0.9703     19.964      11750          6  0.000e+00
          6     19.779     0.7474     2.5081     2.5923     -0.013  29.823403  29.822474     3.6682     3.6664     0.9703     19.964      11751          6  0.000e+00
          6     19.779     0.7474     2.5081     2.5911     -0.009  29.823457  29.822823     3.6684     3.6666     0.9703     19.964      11752          6  0.000e+00
          6     19.829     0.7596     2.5068     2.5911     -0.002  29.823348  29.822881     3.6684     3.6664     0.9703     20.013      11753          6  0.000e+00
          6     19.779     0.7474     2.5068     2.5923      0.002  29.823185  29.823347     3.6687     3.6660     0.9703     19.964      11754          6  0.000e+00
          6     19.829     0.7596     2.5068     2.5911      0.009  29.823294  29.823696     3.6687     3.6663     0.9703     20.013      11755          6  0.000e+00
          6     19.829     0.7596     2.5068     2.5911      0.019  29.823621  29.823347     3.6687     3.6670     0.9703     20.013      11756          6  0.000e+00
          6     19.829     0.7596     2.5068     2.5911      0.026  29.824056  29.823405     3.6688     3.6674     0.9703     20.013      11757          6  0.000e+00
          6     19.829     0.7596     2.5081     2.5911      0.033  29.824438  29.823463     3.6687     3.6676     0.9703     20.013      11758          6  0.000e+00
          6     19.829     0.7474     2.5081     2.5923      0.040  29.824656  29.823521     3.6687     3.6680     0.9703     20.013      11759          6  0.000e+00
          6     19.829     0.7596     2.5081     2.5911      0.043  29.824383  29.823521     3.6687     3.6676     0.9703     20.013      11760          6  0.000e+00
          6     19.829     0.7596     2.5081     2.5911      0.050  29.824165  29.823696     3.6690     3.6670     0.9642     20.013      11761          6  0.000e+00
          6     19.872     0.7474     2.5081     2.5923      0.058  29.824438  29.823521     3.6689     3.6674     0.9703     20.057      11762          6  0.000e+00
          6     19.829     0.7474     2.5081     2.5911      0.062  29.825037  29.823696     3.6687     3.6682     0.9703     20.013      11763          6  0.000e+00
          6     19.872     0.7474     2.5081     2.5911      0.068  29.825309  29.823347     3.6685     3.6688     0.9703     20.057      11764          6  0.000e+00
          6     19.835     0.7474     2.5081     2.5923      0.071  29.825854  29.823638     3.6690     3.6693     0.9703     20.020      11765          6  0.000e+00
          6     19.872     0.7596     2.5081     2.5923      0.079  29.825963  29.823987     3.6692     3.6695     0.9703     20.057      11766          6  0.000e+00
          6     19.872     0.7474     2.5081     2.5923      0.083  29.826018  29.824045     3.6690     3.6695     0.9703     20.057      11767          6  0.000e+00
          6     19.872     0.7596     2.5068     2.5911      0.088  29.825963  29.823871     3.6696     3.6693     0.9703     20.057      11768          6  0.000e+00
          6     19.872     0.7474     2.5068     2.5923      0.092  29.825800  29.824162     3.6693     3.6690     0.9703     20.057      11769          6  0.000e+00
          6     19.872     0.7474     2.5068     2.5923      0.093  29.825636  29.824162     3.6695     3.6685     0.9703     20.057      11770          6  0.000e+00
