staticdata/example_data/profile_data/ctd002.ros
* Sea-Bird SBE 9 Data File:
* FileName = C:\Sea-Bird Data\2018\DY-18-05\CTD\CTD002.hex
* Software Version Seasave V 7.23.2
* Temperature SN = 4379
* Conductivity SN = 042985
* Number of Bytes Per Scan = 37
* Number of Voltage Words = 4
* Number of Scans Averaged by the Deck Unit = 1
* NMEA Latitude = 56 56.64 N
* NMEA Longitude = 163 49.70 W
* NMEA UTC (Time) = May 01 2018  03:54:36
* NMEA baud rate = 4800
# nquan = 15
# nvalues = 343                                   
# units = specified
# name 0 = bpos: Bottle Position in Carousel
# name 1 = depSM: Depth [salt water, m]
# name 2 = flECO-AFL: Fluorescence, WET Labs ECO-AFL/FL [mg/m^3]
# name 3 = sbeox0V: Oxygen raw, SBE 43 [V]
# name 4 = sbeox1V: Oxygen raw, SBE 43, 2 [V]
# name 5 = dz/dtM: Descent Rate [m/s]
# name 6 = c1mS/cm: Conductivity, 2 [mS/cm]
# name 7 = c0mS/cm: Conductivity [mS/cm]
# name 8 = t090C: Temperature [ITS-90, deg C]
# name 9 = t190C: Temperature, 2 [ITS-90, deg C]
# name 10 = turbWETntu0: Turbidity, WET Labs ECO [NTU]
# name 11 = prDM: Pressure, Digiquartz [db]
# name 12 = scan: Scan Count
# name 13 = nbf: Bottles Fired
# name 14 = flag:  0.000e+00
# interval = seconds: 0.0416667
# start_time = May 01 2018 03:54:36 [NMEA time, header]
# bad_flag = -9.990e-29
*END*
[from data line 290]
          6      9.760     1.4800     2.5593     2.6436     -0.415  29.261901  29.260991     3.1400     3.1388     0.5613      9.850      11172          6  0.000e+00
          6      9.747     1.4800     2.5593     2.6436     -0.428  29.261793  29.260644     3.1398     3.1381     0.5613      9.838      11173          6  0.000e+00
          6      9.760     1.4800     2.5593     2.6436     -0.448  29.261415  29.260760     3.1395     3.1385     0.5613      9.850      11174          6  0.000e+00
          6      9.674     1.4800     2.5606     2.6436     -0.464  29.261901  29.260875     3.1395     3.1388     0.5613      9.763      11175          6  0.000e+00
          7      2.751     0.9550     2.5618     2.6460      0.371  29.255230  29.252825     3.1341     3.1340     0.5918      2.777      14160          7  0.000e+00
          7      2.684     0.9550     2.5618     2.6460      0.353  29.254635  29.253056     3.1344     3.1340     0.5918      2.709      14161          7  0.000e+00
          7      2.635     0.9550     2.5618     2.6460      0.330  29.254851  29.252940     3.1344     3.1337     0.5918      2.659      14162          7  0.000e+00
          7      2.659     0.9550     2.5606     2.6460      0.310  29.254797  29.253055     3.1344     3.1339     0.5918      2.684      14163          7  0.000e+00
          7      2.635     0.9550     2.5606     2.6460      0.286  29.254905  29.253344     3.1342     3.1339     0.5918      2.659      14164          7  0.000e+00
          7      2.616     0.9550     2.5606     2.6460      0.263  29.254905  29.252882     3.1340     3.1342     0.5918      2.640      14165          7  0.000e+00
          7      2.635     0.9550     2.5606     2.6460      0.239  29.254743  29.252824     3.1339     3.1342     0.5918      2.659      14166          7  0.000e+00
          7      2.549     0.9550     2.5606     2.6460      0.211  29.254743  29.252651     3.1338     3.1343     0.5918      2.572      14167          7  0.000e+00
          7      2.524     0.9550     2.5606     2.6460      0.184  29.255121  29.252997     3.1338     3.1342     0.5918      2.547      14168          7  0.000e+00
          7      2.549     0.9550     2.5606     2.6460      0.155  29.255283  29.252709     3.1336     3.1344     0.5918      2.572      14169          7  0.000e+00
          7      2.481     0.9550     2.5618     2.6460      0.125  29.255229  29.252419     3.1338     3.1345     0.5918      2.504      14170          7  0.000e+00
          7      2.456     0.9550     2.5618     2.6460      0.093  29.255229  29.252535     3.1338     3.1344     0.5918      2.479      14171          7  0.000e+00
          7      2.456     0.9550     2.5606     2.6460      0.064  29.255067  29.252593     3.1337     3.1344     0.5918      2.479      14172          7  0.000e+00
          7      2.389     0.9550     2.5606     2.6460      0.029  29.254796  29.252593     3.1338     3.1345     0.5918      2.411      14173          7  0.000e+00
          7      2.364     0.9550     2.5618     2.6448     -0.003  29.255337  29.252766     3.1340     3.1347     0.5918      2.386      14174          7  0.000e+00
          7      2.346     0.9550     2.5618     2.6448     -0.038  29.255283  29.252939     3.1342     3.1345     0.5918      2.367      14175          7  0.000e+00
          7      2.321     0.9550     2.5618     2.6448     -0.071  29.255066  29.253112     3.1343     3.1349     0.5918      2.343      14176          7  0.000e+00
          7      2.253     0.9550     2.5618     2.6460     -0.104  29.255607  29.253343     3.1345     3.1351     0.5918      2.274      14177          7  0.000e+00
          7      2.229     0.9550     2.5618     2.6460     -0.139  29.255391  29.253228     3.1346     3.1355     0.5918      2.249      14178          7  0.000e+00
          7      2.229     0.9550     2.5618     2.6460     -0.172  29.255661  29.252939     3.1348     3.1356     0.5918      2.249      14179          7  0.000e+00
          7      2.167     0.9428     2.5606     2.6460     -0.207  29.255985  29.252650     3.1345     3.1355     0.5918      2.187      14180          7  0.000e+00
          7      2.143     0.9550     2.5606     2.6460     -0.240  29.256039  29.253285     3.1346     3.1358     0.5918      2.163      14181          7  0.000e+00
          7      2.075     0.9550     2.5606     2.6448     -0.274  29.256255  29.253400     3.1349     3.1361     0.5918      2.094      14182          7  0.000e+00
          7      2.050     0.9061     2.5618     2.6460     -0.307  29.256526  29.253400     3.1350     3.1358     0.5857      2.069      14183          7  0.000e+00
          7      2.050     0.8329     2.5618     2.6460     -0.337  29.256417  29.253227     3.1348     3.1361     0.5796      2.069      14184          7  0.000e+00
          7      1.983     0.8207     2.5618     2.6460     -0.369  29.256147  29.253169     3.1349     3.1360     0.5796      2.001      14185          7  0.000e+00
          7      1.958     0.8207     2.5618     2.6448     -0.401  29.256039  29.253400     3.1352     3.1361     0.5796      1.976      14186          7  0.000e+00
          7      1.891     0.8207     2.5630     2.6448     -0.430  29.256255  29.253227     3.1351     3.1358     0.5796      1.908      14187          7  0.000e+00
          7      1.915     0.8207     2.5618     2.6448     -0.457  29.256147  29.253169     3.1352     3.1358     0.5796      1.933      14188          7  0.000e+00
          7      1.848     0.8207     2.5618     2.6460     -0.485  29.256255  29.253342     3.1351     3.1360     0.5796      1.865      14189          7  0.000e+00
          7      1.780     0.8207     2.5618     2.6460     -0.514  29.255930  29.253226     3.1352     3.1360     0.5796      1.796      14190          7  0.000e+00
          7      1.780     0.8207     2.5618     2.6460     -0.538  29.256363  29.253631     3.1350     3.1360     0.5796      1.796      14191          7  0.000e+00
          7      1.755     0.8207     2.5618     2.6448     -0.562  29.255984  29.253284     3.1351     3.1358     0.5796      1.772      14192          7  0.000e+00
          7      1.737     0.8207     2.5618     2.6448     -0.583  29.255984  29.253342     3.1351     3.1360     0.5796      1.753      14193          7  0.000e+00
          7      1.669     0.8207     2.5618     2.6448     -0.605  29.256254  29.253226     3.1350     3.1357     0.5796      1.685      14194          7  0.000e+00
          7      1.645     0.8207     2.5618     2.6460     -0.626  29.255930  29.253341     3.1352     3.1358     0.5796      1.660      14195          7  0.000e+00
          7      1.577     0.8207     2.5606     2.6460     -0.646  29.255984  29.253226     3.1352     3.1358     0.5796      1.592      14196          7  0.000e+00
          7      1.552     0.8207     2.5606     2.6460     -0.666  29.255875  29.253572     3.1353     3.1361     0.5796      1.567      14197          7  0.000e+00
          7      1.552     0.8207     2.5606     2.6460     -0.681  29.256200  29.253457     3.1354     3.1358     0.5796      1.567      14198          7  0.000e+00
          7      1.534     0.8207     2.5606     2.6448     -0.695  29.256146  29.253399     3.1354     3.1361     0.5796      1.548      14199          7  0.000e+00
          7      1.466     0.8207     2.5606     2.6460     -0.709  29.255875  29.253399     3.1352     3.1358     0.5796      1.480      14200          7  0.000e+00
          7      1.442     0.8207     2.5618     2.6460     -0.724  29.255983  29.253225     3.1354     3.1358     0.5735      1.455      14201          7  0.000e+00
          7      1.417     0.8207     2.5618     2.6460     -0.736  29.255875  29.253572     3.1355     3.1360     0.5796      1.430      14202          7  0.000e+00
          7      1.350     0.8207     2.5618     2.6460     -0.750  29.255604  29.253456     3.1354     3.1357     0.5796      1.362      14203          7  0.000e+00
          7      1.374     0.8207     2.5618     2.6460     -0.757  29.255713  29.253398     3.1354     3.1356     0.5796      1.387      14204          7  0.000e+00
          7      1.331     0.8207     2.5606     2.6460     -0.765  29.255821  29.253225     3.1355     3.1358     0.5796      1.343      14205          7  0.000e+00
          7      1.307     0.8207     2.5618     2.6460     -0.774  29.255550  29.253514     3.1354     3.1358     0.5796      1.319      14206          7  0.000e+00
          7      1.239     0.8207     2.5618     2.6460     -0.781  29.255712  29.253514     3.1357     3.1360     0.5796      1.250      14207          7  0.000e+00
          7      1.263     0.8207     2.5606     2.6460     -0.787  29.255820  29.253398     3.1355     3.1360     0.5796      1.275      14208          7  0.000e+00
