staticdata/example_data/profile_data/CTD003.ros
* Sea-Bird SBE 9 Data File:
* FileName = C:\Sea-Bird Data\2018\DY-18-05\CTD\CTD003.hex
* Software Version Seasave V 7.23.2
* Temperature SN = 4379
* Conductivity SN = 042985
* Number of Bytes Per Scan = 37
* Number of Voltage Words = 4
* Number of Scans Averaged by the Deck Unit = 1
* NMEA Latitude = 56 40.21 N
* NMEA Longitude = 163 51.94 W
* NMEA UTC (Time) = May 01 2018  07:57:30
* NMEA baud rate = 4800
# nquan = 15
# nvalues = 343                                   
# units = specified
# name 0 = bpos: Bottle Position in Carousel
# name 1 = depSM: Depth [salt water, m]
# name 2 = flECO-AFL: Fluorescence, WET Labs ECO-AFL/FL [mg/m^3]
# name 3 = sbeox0V: Oxygen raw, SBE 43 [V]
# name 4 = sbeox1V: Oxygen raw, SBE 43, 2 [V]
# name 5 = dz/dtM: Descent Rate [m/s]
# name 6 = c1mS/cm: Conductivity, 2 [mS/cm]
# name 7 = c0mS/cm: Conductivity [mS/cm]
# name 8 = t090C: Temperature [ITS-90, deg C]
# name 9 = t190C: Temperature, 2 [ITS-90, deg C]
# name 10 = turbWETntu0: Turbidity, WET Labs ECO [NTU]
# name 11 = prDM: Pressure, Digiquartz [db]
# name 12 = scan: Scan Count
# name 13 = nbf: Bottles Fired
# name 14 = flag:  0.000e+00
# interval = seconds: 0.0416667
# start_time = May 01 2018 07:57:30 [NMEA time, header]
# bad_flag = -9.990e-29
*END*
[from data line 193]
          4     33.659     1.1870     3.1090     2.6156     -0.136  29.642922  29.660913     3.5076     3.4853     0.4941     33.973      11959          4  0.000e+00
          4     33.659     1.1992     1.9145     2.6156     -0.178  29.643900  29.659578     3.5068     3.4873     0.4941     33.973      11960          4  0.000e+00
          4     33.567     1.1870     2.8500     2.6168     -0.220  29.645041  29.659519     3.5067     3.4881     0.4941     33.880      11961          4  0.000e+00
          5     19.386     1.3091     2.2272     2.6217     -0.372  29.699907  29.696825     3.5573     3.5595     0.4636     19.566      13768          5  0.000e+00
          5     19.429     1.3091     2.4971     2.6217     -0.358  29.700506  29.696477     3.5572     3.5593     0.4636     19.609      13769          5  0.000e+00
          5     19.386     1.3091     2.7645     2.6217     -0.345  29.700125  29.696593     3.5577     3.5593     0.4636     19.566      13770          5  0.000e+00
          5     19.386     1.3091     2.0502     2.6217     -0.332  29.700288  29.697057     3.5581     3.5595     0.4636     19.566      13771          5  0.000e+00
          5     19.429     1.3091     3.1260     2.6217     -0.316  29.700560  29.697406     3.5581     3.5592     0.4575     19.609      13772          5  0.000e+00
          5     19.429     1.3091     1.8377     2.6229     -0.303  29.700234  29.696825     3.5578     3.5593     0.4636     19.609      13773          5  0.000e+00
          5     19.429     1.3091     3.0539     2.6229     -0.287  29.700288  29.696651     3.5577     3.5592     0.4636     19.609      13774          5  0.000e+00
          5     19.429     1.3091     2.0807     2.6217     -0.271  29.700397  29.696825     3.5581     3.5593     0.4636     19.609      13775          5  0.000e+00
          5     19.429     1.3091     2.6412     2.6217     -0.257  29.700778  29.697057     3.5588     3.5600     0.4575     19.609      13776          5  0.000e+00
          5     19.429     1.3091     2.6094     2.6217     -0.242  29.700995  29.698684     3.5599     3.5602     0.4636     19.609      13777          5  0.000e+00
          5     19.472     1.3091     2.1710     2.6229     -0.223  29.701158  29.699382     3.5605     3.5601     0.4636     19.653      13778          5  0.000e+00
          5     19.472     1.3091     3.0552     2.6229     -0.206  29.701376  29.699614     3.5604     3.5607     0.4575     19.653      13779          5  0.000e+00
          5     19.429     1.3091     1.8658     2.6229     -0.193  29.701267  29.699498     3.5605     3.5603     0.4575     19.609      13780          5  0.000e+00
          5     19.472     1.3091     3.1260     2.6229     -0.177  29.701213  29.699265     3.5600     3.5604     0.4636     19.653      13781          5  0.000e+00
          5     19.521     1.2969     1.9610     2.6229     -0.159  29.701213  29.698917     3.5596     3.5603     0.4636     19.703      13782          5  0.000e+00
          5     19.472     1.3091     2.7719     2.6229     -0.144  29.701213  29.698684     3.5592     3.5604     0.4636     19.653      13783          5  0.000e+00
          5     19.521     1.3091     2.4617     2.6229     -0.125  29.701050  29.698568     3.5597     3.5604     0.4575     19.703      13784          5  0.000e+00
          5     19.521     1.3091     2.2834     2.6229     -0.108  29.701539  29.698743     3.5594     3.5607     0.4575     19.703      13785          5  0.000e+00
          5     19.521     1.3091     2.9624     2.6229     -0.093  29.701539  29.698452     3.5592     3.5609     0.4575     19.703      13786          5  0.000e+00
          5     19.564     1.2969     1.9085     2.6241     -0.073  29.701866  29.698278     3.5596     3.5607     0.4636     19.746      13787          5  0.000e+00
          5     19.564     1.2969     3.1541     2.6241     -0.057  29.702029  29.699149     3.5605     3.5610     0.4575     19.746      13788          5  0.000e+00
          5     19.564     1.3091     1.8877     2.6229     -0.039  29.701811  29.699440     3.5610     3.5611     0.4575     19.746      13789          5  0.000e+00
          5     19.564     1.3213     2.8903     2.6241     -0.023  29.701920  29.699847     3.5609     3.5610     0.4575     19.746      13790          5  0.000e+00
          5     19.613     1.3457     2.3139     2.6229     -0.007  29.701866  29.700195     3.5616     3.5613     0.4636     19.796      13791          5  0.000e+00
          5     19.657     1.3457     2.4189     2.6229      0.012  29.701975  29.700428     3.5616     3.5612     0.4636     19.839      13792          5  0.000e+00
          5     19.577     1.3457     2.8427     2.6229      0.026  29.701811  29.700079     3.5613     3.5611     0.4636     19.758      13793          5  0.000e+00
          5     19.657     1.3457     1.9940     2.6229      0.045  29.701757  29.700137     3.5615     3.5608     0.4636     19.839      13794          5  0.000e+00
          5     19.657     1.3457     3.1504     2.6241      0.061  29.701757  29.700079     3.5615     3.5609     0.4575     19.839      13795          5  0.000e+00
          5     19.700     1.3457     1.8401     2.6241      0.076  29.701540  29.699963     3.5612     3.5608     0.4636     19.883      13796          5  0.000e+00
          5     19.700     1.3457     2.9978     2.6241      0.094  29.701648  29.700196     3.5608     3.5606     0.4636     19.883      13797          5  0.000e+00
          5     19.749     1.3457     2.1637     2.6241      0.111  29.701431  29.699615     3.5610     3.5601     0.4636     19.932      13798          5  0.000e+00
          5     19.749     1.3457     2.5582     2.6241      0.128  29.700398  29.699440     3.5607     3.5584     0.4636     19.932      13799          5  0.000e+00
          5     19.749     1.3457     2.7157     2.6241      0.145  29.699256  29.699789     3.5607     3.5574     0.4575     19.932      13800          5  0.000e+00
          5     19.749     1.3457     2.0843     2.6241      0.158  29.698984  29.699150     3.5594     3.5577     0.4636     19.932      13801          5  0.000e+00
          5     19.835     1.3457     3.1077     2.6241      0.175  29.699147  29.697814     3.5589     3.5581     0.4636     20.019      13802          5  0.000e+00
          5     19.835     1.3457     1.8364     2.6241      0.191  29.699909  29.697465     3.5583     3.5590     0.4636     20.019      13803          5  0.000e+00
          5     19.835     1.3457     3.0759     2.6241      0.207  29.700289  29.697698     3.5585     3.5590     0.4575     20.019      13804          5  0.000e+00
          5     19.792     1.3457     2.0477     2.6241      0.216  29.700235  29.697988     3.5586     3.5588     0.4575     19.976      13805          5  0.000e+00
          5     19.970     1.3457     2.6754     2.6241      0.238  29.700127  29.698453     3.5586     3.5585     0.4636     20.156      13806          5  0.000e+00
          5     19.884     1.3457     2.5704     2.6241      0.250  29.700126  29.698337     3.5590     3.5585     0.4575     20.069      13807          5  0.000e+00
          5     19.970     1.3457     2.2016     2.6229      0.267  29.699909  29.698512     3.5589     3.5582     0.4636     20.156      13808          5  0.000e+00
          5     19.970     1.3335     3.0295     2.6241      0.282  29.699855  29.698337     3.5588     3.5584     0.4636     20.156      13809          5  0.000e+00
          5     19.970     1.3457     1.8743     2.6241      0.296  29.700018  29.698279     3.5592     3.5586     0.4575     20.156      13810          5  0.000e+00
          5     20.062     1.3457     3.1370     2.6241      0.312  29.700507  29.698918     3.5599     3.5593     0.4575     20.249      13811          5  0.000e+00
          5     20.019     1.3335     1.9390     2.6241      0.326  29.700725  29.698918     3.5600     3.5595     0.4636     20.205      13812          5  0.000e+00
          5     20.062     1.3457     2.8073     2.6241      0.341  29.700671  29.699267     3.5604     3.5595     0.4636     20.249      13813          5  0.000e+00
          5     20.106     1.3335     2.4202     2.6241      0.355  29.700834  29.699209     3.5604     3.5598     0.4636     20.292      13814          5  0.000e+00
          5     20.118     1.3213     2.3200     2.6241      0.367  29.701323  29.699325     3.5600     3.5606     0.4636     20.305      13815          5  0.000e+00
          5     20.155     1.2969     2.9306     2.6241      0.382  29.702085  29.699209     3.5597     3.5610     0.4636     20.342      13816          5  0.000e+00
          6     10.812     1.3091     2.5411     2.6253      0.348  29.703363  29.699821     3.5650     3.5667     0.4453     10.913      15079          6  0.000e+00
          6     10.763     1.3091     2.7010     2.6266      0.375  29.703145  29.700170     3.5650     3.5661     0.4453     10.863      15080          6  0.000e+00
          6     10.812     1.3091     2.1393     2.6266      0.403  29.702438  29.700228     3.5648     3.5654     0.4514     10.913      15081          6  0.000e+00
          6     10.855     1.3091     3.0551     2.6266      0.428  29.702058  29.700054     3.5651     3.5651     0.4514     10.956      15082          6  0.000e+00
          6     10.929     1.3091     1.8927     2.6266      0.456  29.702167  29.700170     3.5650     3.5661     0.4514     11.031      15083          6  0.000e+00
          6     10.898     1.3091     3.1247     2.6266      0.479  29.703472  29.699821     3.5648     3.5672     0.4514     10.999      15084          6  0.000e+00
          6     10.991     1.3091     1.9501     2.6266      0.503  29.703798  29.700054     3.5651     3.5676     0.4514     11.093      15085          6  0.000e+00
          6     10.991     1.3091     2.8634     2.6266      0.526  29.703853  29.700403     3.5656     3.5672     0.4514     11.093      15086          6  0.000e+00
          6     11.034     1.3091     2.3286     2.6266      0.548  29.703255  29.700693     3.5659     3.5668     0.4514     11.136      15087          6  0.000e+00
          6     11.065     1.3091     2.4531     2.6266      0.567  29.703255  29.701158     3.5664     3.5664     0.4514     11.167      15088          6  0.000e+00
          6     11.083     1.3091     2.7889     2.6266      0.586  29.703364  29.701332     3.5664     3.5665     0.4514     11.186      15089          6  0.000e+00
          6     11.126     1.2969     2.0709     2.6266      0.604  29.703146  29.701333     3.5664     3.5664     0.4514     11.229      15090          6  0.000e+00
          6     11.169     1.2969     3.1028     2.6278      0.624  29.702766  29.700926     3.5661     3.5658     0.4514     11.273      15091          6  0.000e+00
          6     11.169     1.3213     1.8682     2.6266      0.639  29.702983  29.700810     3.5661     3.5657     0.4636     11.273      15092          6  0.000e+00
          6     11.249     1.3213     3.0881     2.6278      0.657  29.702657  29.701217     3.5661     3.5657     0.4697     11.353      15093          6  0.000e+00
          6     11.218     1.3335     2.0111     2.6278      0.665  29.702331  29.701333     3.5666     3.5651     0.4697     11.322      15094          6  0.000e+00
          6     11.261     1.3335     2.7780     2.6278      0.679  29.702059  29.701333     3.5662     3.5651     0.4697     11.366      15095          6  0.000e+00
          6     11.304     1.3335     2.4336     2.6278      0.689  29.702168  29.700520     3.5655     3.5656     0.4697     11.409      15096          6  0.000e+00
          6     11.304     1.3213     2.3603     2.6278      0.699  29.702440  29.700229     3.5653     3.5657     0.4697     11.409      15097          6  0.000e+00
          6     11.354     1.3335     2.8744     2.6278      0.708  29.702603  29.700404     3.5651     3.5657     0.4697     11.459      15098          6  0.000e+00
          6     11.384     1.3335     2.0087     2.6278      0.716  29.702549  29.700055     3.5651     3.5660     0.4697     11.490      15099          6  0.000e+00
          6     11.397     1.3335     3.1296     2.6278      0.722  29.702331  29.700171     3.5653     3.5658     0.4697     11.502      15100          6  0.000e+00
          6     11.440     1.3335     1.8670     2.6278      0.727  29.702658  29.700811     3.5658     3.5659     0.4697     11.546      15101          6  0.000e+00
          6     11.440     1.3335     3.0454     2.6278      0.731  29.702821  29.700869     3.5659     3.5657     0.4697     11.546      15102          6  0.000e+00
          6     11.489     1.3335     2.0807     2.6278      0.734  29.702821  29.700985     3.5659     3.5659     0.4697     11.595      15103          6  0.000e+00
          6     11.489     1.3335     2.6998     2.6278      0.734  29.702603  29.701043     3.5661     3.5658     0.4697     11.595      15104          6  0.000e+00
          6     11.470     1.3335     2.5215     2.6278      0.733  29.702603  29.700869     3.5666     3.5659     0.4697     11.577      15105          6  0.000e+00
          6     11.532     1.3335     2.2883     2.6278      0.732  29.702767  29.701450     3.5666     3.5661     0.4697     11.639      15106          6  0.000e+00
          6     11.532     1.3335     2.9391     2.6278      0.729  29.702984  29.701159     3.5664     3.5661     0.4697     11.639      15107          6  0.000e+00
          6     11.575     1.3213     1.9635     2.6278      0.727  29.703093  29.701218     3.5658     3.5661     0.4697     11.682      15108          6  0.000e+00
          6     11.575     1.3335     3.1382     2.6278      0.721  29.703093  29.700520     3.5656     3.5665     0.4697     11.682      15109          6  0.000e+00
          6     11.606     1.3335     1.8792     2.6278      0.719  29.703256  29.700462     3.5652     3.5668     0.4697     11.713      15110          6  0.000e+00
          6     11.624     1.3335     3.0026     2.6278      0.712  29.703202  29.700521     3.5655     3.5670     0.4697     11.732      15111          6  0.000e+00
          6     11.624     1.3335     2.1442     2.6278      0.703  29.703528  29.700288     3.5650     3.5671     0.4697     11.732      15112          6  0.000e+00
          6     11.624     1.3335     2.6363     2.6278      0.695  29.703637  29.700230     3.5651     3.5670     0.4697     11.732      15113          6  0.000e+00
          6     11.624     1.3335     2.5960     2.6278      0.683  29.703637  29.700463     3.5651     3.5668     0.4697     11.732      15114          6  0.000e+00
          6     11.667     1.3335     2.2260     2.6278      0.673  29.703420  29.700346     3.5651     3.5667     0.4697     11.775      15115          6  0.000e+00
          6     11.655     1.3335     3.0002     2.6278      0.663  29.702930  29.700811     3.5655     3.5665     0.4697     11.763      15116          6  0.000e+00
          6     11.667     1.3213     1.9256     2.6278      0.651  29.702985  29.701044     3.5656     3.5661     0.4697     11.775      15117          6  0.000e+00
          6     11.710     1.3213     3.1370     2.6278      0.641  29.702767  29.700869     3.5659     3.5657     0.4758     11.819      15118          6  0.000e+00
          6     11.667     1.3213     1.8988     2.6278      0.627  29.702767  29.700986     3.5659     3.5654     0.4758     11.775      15119          6  0.000e+00
          6     11.710     1.3213     2.9391     2.6278      0.613  29.702604  29.701044     3.5659     3.5655     0.4758     11.819      15120          6  0.000e+00
          6     11.667     1.3213     2.2297     2.6278      0.596  29.702550  29.701044     3.5659     3.5658     0.4758     11.775      15121          6  0.000e+00
          6     11.698     1.3213     2.5411     2.6278      0.581  29.702930  29.701044     3.5658     3.5657     0.4758     11.806      15122          6  0.000e+00
