staticdata/example_data/profile_data/ctd005.cnv
* Sea-Bird SBE 9 Data File:
* FileName = C:\Sea-Bird Data\2018\DY-18-05\CTD\CTD005.hex
* Software Version Seasave V 7.23.2
* Temperature SN = 4379
* Conductivity SN = 042985
* Number of Bytes Per Scan = 37
* Number of Voltage Words = 4
* Number of Scans Averaged by the Deck Unit = 1
* NMEA Latitude = 56 46.21 N
* NMEA Longitude = 164 20.03 W
* NMEA UTC (Time) = May 01 2018  13:52:32
* NMEA baud rate = 4800
# nquan = 23
# nvalues = 65                          
# units = specified
# name 0 = c0mS/cm: Conductivity [mS/cm]
# name 1 = c1mS/cm: Conductivity, 2 [mS/cm]
# name 2 = flECO-AFL: Fluorescence, WET Labs ECO-AFL/FL [mg/m^3]
# name 3 = sbeox0V: Oxygen raw, SBE 43 [V]
# name 4 = t090C: Temperature [ITS-90, deg C]
# name 5 = t190C: Temperature, 2 [ITS-90, deg C]
# name 6 = timeS: Time, Elapsed [seconds]
# name 7 = prDM: Pressure, Digiquartz [db]
# name 8 = sbeox1V: Oxygen raw, SBE 43, 2 [V]
# name 9 = par: PAR/Irradiance, Biospherical/Licor
# name 10 = turbWETntu0: Turbidity, WET Labs ECO [NTU]
# name 11 = sal00: Salinity, Practical [PSU]
# name 12 = sal11: Salinity, Practical, 2 [PSU]
# name 13 = sigma-t00: Density [sigma-t, kg/m^3 ]
# name 14 = sigma-t11: Density, 2 [sigma-t, kg/m^3 ]
# name 15 = sbeox0ML/L: Oxygen, SBE 43 [ml/l], WS = 2
# name 16 = sbox0Mm/Kg: Oxygen, SBE 43 [umol/kg], WS = 2
# name 17 = sbeox0PS: Oxygen, SBE 43 [% saturation], WS = 2
# name 18 = sbeox1ML/L: Oxygen, SBE 43, 2 [ml/l], WS = 2
# name 19 = sbox1Mm/Kg: Oxygen, SBE 43, 2 [umol/kg], WS = 2
# name 20 = sbeox1PS: Oxygen, SBE 43, 2 [% saturation], WS = 2
# name 21 = nbin: number of scans per bin
# name 22 = flag: flag
# span 0 =  29.643876,  29.719994       
# span 1 =  29.646088,  29.721910       
# span 2 =     0.6140,     0.9133       
# span 3 =     2.4885,     2.5212       
# span 4 =     3.4578,     3.5704       
# span 5 =     3.4577,     3.5703       
# span 6 =     53.951,    197.194       
# span 7 =      5.000,     69.000       
# span 8 =     2.5714,     2.6086       
# span 9 = 2.1012e-01, 8.9196e-01       
# span 10 =     0.5479,     1.1139      
# span 11 =    32.0543,    32.0562      
# span 12 =    32.0566,    32.0588      
# span 13 =    25.4852,    25.4945      
# span 14 =    25.4873,    25.4965      
# span 15 =     7.2931,     7.3546      
# span 16 =    317.613,    320.292      
# span 17 =     97.384,     98.474      
# span 18 =     7.2694,     7.3346      
# span 19 =    316.581,    319.424      
# span 20 =     97.081,     98.207      
# span 21 =         16,         67      
# span 22 = 0.0000e+00, 0.0000e+00      
# interval = decibars: 1                
# start_time = May 01 2018 13:52:32 [NMEA time, header]
# bad_flag = -9.990e-29
*END*
  29.713808  29.716049     0.9010     2.5172     3.5680     3.5682     53.951      5.000     2.6086 8.9196e-01     0.6099    32.0562    32.0587    25.4857    25.4877     7.3292    319.189     98.132     7.3226    318.900     98.046         23 0.0000e+00
  29.715137  29.717349     0.8851     2.5188     3.5692     3.5694     56.256      6.000     2.6065 6.8048e-01     0.5621    32.0561    32.0585    25.4855    25.4874     7.3413    319.715     98.297     7.3238    318.950     98.064         58 0.0000e+00
  29.715530  29.717421     0.9095     2.5197     3.5693     3.5690     59.130      7.000     2.6055 4.9784e-01     0.5674    32.0559    32.0584    25.4854    25.4874     7.3391    319.616     98.267     7.3266    319.073     98.101         54 0.0000e+00
  29.716779  29.718915     0.8836     2.5196     3.5704     3.5703     61.035      8.000     2.6055 4.2449e-01     0.5664    32.0558    32.0585    25.4852    25.4873     7.3401    319.662     98.283     7.3261    319.051     98.097         41 0.0000e+00
  29.716116  29.718418     0.8642     2.5195     3.5689     3.5692     63.340      9.000     2.6056 3.5531e-01     0.5729    32.0560    32.0584    25.4854    25.4874     7.3394    319.633     98.271     7.3316    319.291     98.169         52 0.0000e+00
  29.716881  29.719103     0.8867     2.5198     3.5693     3.5695     65.469     10.000     2.6056 2.9455e-01     0.5866    32.0560    32.0585    25.4854    25.4874     7.3450    319.876     98.347     7.3268    319.082     98.105         55 0.0000e+00
  29.717699  29.719795     0.9133     2.5203     3.5697     3.5697     68.974     11.000     2.6050 2.3411e-01     0.5571    32.0560    32.0585    25.4854    25.4874     7.3484    320.024     98.393     7.3308    319.255     98.159         32 0.0000e+00
  29.717845  29.719919     0.8863     2.5212     3.5691     3.5691     69.783     12.000     2.6052 2.3734e-01     0.5730    32.0562    32.0587    25.4856    25.4876     7.3546    320.292     98.474     7.3298    319.214     98.145         20 0.0000e+00
  29.718031  29.720303     0.8907     2.5212     3.5689     3.5691     70.647     13.000     2.6051 2.3356e-01     0.5795    32.0562    32.0587    25.4856    25.4876     7.3501    320.099     98.414     7.3288    319.169     98.131         24 0.0000e+00
  29.718562  29.720041     0.8846     2.5207     3.5691     3.5683     74.116     14.000     2.6048 2.1361e-01     0.5603    32.0561    32.0586    25.4855    25.4876     7.3532    320.233     98.456     7.3279    319.132     98.117         30 0.0000e+00
  29.719053  29.720958     0.9057     2.5208     3.5691     3.5688     76.901     15.000     2.6044 2.1024e-01     0.5793    32.0562    32.0588    25.4856    25.4877     7.3516    320.163     98.435     7.3261    319.053     98.094         17 0.0000e+00
  29.719994  29.721674     0.8979     2.5206     3.5697     3.5693     77.757     16.000     2.6044 2.1013e-01     0.5639    32.0561    32.0586    25.4855    25.4875     7.3474    319.978     98.379     7.3313    319.278     98.165         24 0.0000e+00
  29.719665  29.721255     0.8826     2.5203     3.5690     3.5684     81.067     17.000     2.6051 2.1013e-01     0.5687    32.0559    32.0584    25.4854    25.4874     7.3501    320.098     98.414     7.3346    319.424     98.207         48 0.0000e+00
  29.719473  29.721729     0.8913     2.5202     3.5682     3.5686     83.922     18.000     2.6050 2.1014e-01     0.5854    32.0560    32.0583    25.4855    25.4873     7.3504    320.109     98.416     7.3345    319.416     98.205         38 0.0000e+00
  29.719561  29.721910     0.9025     2.5195     3.5679     3.5683     85.617     19.000     2.6047 2.1013e-01     0.5479    32.0559    32.0583    25.4855    25.4873     7.3420    319.745     98.303     7.3306    319.246     98.152         41 0.0000e+00
  29.719824  29.721908     0.9101     2.5183     3.5676     3.5677     87.169     20.000     2.6037 2.1013e-01     0.5630    32.0559    32.0584    25.4855    25.4875     7.3431    319.793     98.317     7.3298    319.211     98.140         36 0.0000e+00
  29.715893  29.719456     0.8978     2.5176     3.5624     3.5645     90.044     21.000     2.6032 2.1013e-01     0.5674    32.0559    32.0581    25.4860    25.4875     7.3434    319.806     98.308     7.3308    319.258     98.147         48 0.0000e+00
  29.713593  29.716550     0.8784     2.5165     3.5593     3.5604     93.119     22.000     2.6025 2.1013e-01     0.6105    32.0557    32.0582    25.4861    25.4880     7.3393    319.627     98.246     7.3242    318.967     98.047         29 0.0000e+00
  29.715711  29.718399     0.8652     2.5161     3.5611     3.5619     94.117     23.000     2.6014 2.1013e-01     0.6055    32.0559    32.0583    25.4861    25.4879     7.3355    319.463     98.200     7.3186    318.725     97.977         25 0.0000e+00
  29.703287  29.703988     0.8605     2.5148     3.5457     3.5439     95.440     24.000     2.6000 2.1012e-01     0.5974    32.0558    32.0584    25.4874    25.4897     7.3355    319.462     98.162     7.3230    318.918     97.993         43 0.0000e+00
  29.695175  29.697163     0.8559     2.5137     3.5358     3.5359     98.753     25.000     2.5993 2.1013e-01     0.5980    32.0554    32.0577    25.4880    25.4898     7.3370    319.525     98.158     7.3276    319.119     98.035         51 0.0000e+00
  29.694383  29.697080     0.8368     2.5126     3.5344     3.5353    101.579     26.000     2.5981 2.1013e-01     0.6631    32.0553    32.0576    25.4881    25.4898     7.3356    319.465     98.136     7.3211    318.831     97.945         51 0.0000e+00
  29.694397  29.697614     0.8025     2.5119     3.5337     3.5351    103.103     27.000     2.5969 2.1013e-01     0.6716    32.0555    32.0579    25.4883    25.4901     7.3309    319.261     98.072     7.3089    318.302     97.782         32 0.0000e+00
  29.687466  29.690272     0.8169     2.5108     3.5248     3.5260    104.859     28.000     2.5948 2.1013e-01     0.6683    32.0554    32.0577    25.4891    25.4907     7.3296    319.202     98.032     7.3114    318.411     97.794         47 0.0000e+00
  29.683526  29.684225     0.7925     2.5092     3.5197     3.5182    108.122     29.000     2.5923 2.1013e-01     0.6788    32.0553    32.0576    25.4894    25.4914     7.3266    319.074     97.980     7.3112    318.401     97.772         38 0.0000e+00
  29.686550  29.686379     0.7785     2.5090     3.5226     3.5201    109.217     30.000     2.5936 2.1013e-01     0.7178    32.0555    32.0578    25.4893    25.4914     7.3289    319.172     98.018     7.3228    318.905     97.931         27 0.0000e+00
  29.682359  29.683825     0.7753     2.5082     3.5172     3.5166    110.970     31.000     2.5937 2.1013e-01     0.7106    32.0553    32.0577    25.4896    25.4916     7.3270    319.092     97.980     7.3187    318.730     97.869         48 0.0000e+00
  29.677222  29.679865     0.7543     2.5072     3.5107     3.5115    114.550     32.000     2.5911 2.1013e-01     0.7317    32.0551    32.0575    25.4901    25.4919     7.3261    319.051     97.952     7.3012    317.965     97.622         47 0.0000e+00
  29.676921  29.678620     0.7543     2.5066     3.5098     3.5095    116.580     33.000     2.5904 2.1013e-01     0.7205    32.0551    32.0574    25.4901    25.4920     7.3230    318.914     97.908     7.3096    318.333     97.730         53 0.0000e+00
  29.673493  29.672811     0.7551     2.5053     3.5050     3.5017    118.974     34.000     2.5898 2.1013e-01     0.7264    32.0552    32.0577    25.4907    25.4930     7.3174    318.673     97.822     7.3114    318.410     97.735         31 0.0000e+00
  29.669098  29.667753     0.7462     2.5043     3.4991     3.4950    119.967     35.000     2.5898 2.1013e-01     0.7675    32.0553    32.0577    25.4913    25.4936     7.3175    318.677     97.809     7.3139    318.518     97.753         21 0.0000e+00
  29.661565  29.661622     0.7365     2.5041     3.4896     3.4873    121.078     36.000     2.5896 2.1013e-01     0.7821    32.0552    32.0575    25.4920    25.4941     7.3227    318.902     97.855     7.3109    318.385     97.693         39 0.0000e+00
  29.659030  29.661526     0.7101     2.5022     3.4861     3.4868    125.905     37.000     2.5851 2.1013e-01     0.7742    32.0551    32.0573    25.4923    25.4940     7.3139    318.517     97.729     7.2983    317.840     97.525         34 0.0000e+00
  29.658694  29.659676     0.6995     2.5020     3.4853     3.4841    127.373     38.000     2.5849 2.1013e-01     0.8245    32.0549    32.0573    25.4922    25.4942     7.3190    318.739     97.795     7.2947    317.681     97.469         47 0.0000e+00
  29.655723  29.656647     0.6945     2.5012     3.4812     3.4800    129.575     39.000     2.5808 2.1013e-01     0.7906    32.0549    32.0572    25.4926    25.4945     7.3093    318.316     97.655     7.2737    316.768     97.179         42 0.0000e+00
  29.651033  29.653450     0.6774     2.4990     3.4749     3.4755    131.044     40.000     2.5805 2.1013e-01     0.8469    32.0550    32.0573    25.4932    25.4950     7.3006    317.938     97.524     7.2936    317.633     97.434         34 0.0000e+00
  29.651018  29.652879     0.6939     2.4974     3.4745     3.4745    132.729     41.000     2.5808 2.1013e-01     0.8463    32.0548    32.0571    25.4931    25.4950     7.3042    318.098     97.573     7.2913    317.532     97.400         49 0.0000e+00
  29.651496  29.654151     0.6624     2.4978     3.4746     3.4755    136.228     42.000     2.5837 2.1013e-01     0.8517    32.0548    32.0571    25.4931    25.4949     7.3107    318.379     97.659     7.3139    318.518     97.705         67 0.0000e+00
  29.653370  29.655192     0.6478     2.4978     3.4762     3.4760    139.149     43.000     2.5850 2.1013e-01     0.8986    32.0550    32.0574    25.4931    25.4950     7.3144    318.539     97.712     7.3040    318.088     97.575         28 0.0000e+00
  29.651275  29.654237     0.6503     2.4980     3.4728     3.4740    140.035     44.000     2.5835 2.1013e-01     0.8797    32.0553    32.0576    25.4936    25.4954     7.3163    318.623     97.730     7.2774    316.929     97.215         21 0.0000e+00
  29.652852  29.656417     0.6776     2.4982     3.4745     3.4763    141.071     45.000     2.5803 2.1012e-01     0.8829    32.0550    32.0575    25.4933    25.4951     7.3126    318.460     97.684     7.2819    317.125     97.280         32 0.0000e+00
  29.655554  29.657744     0.6710     2.4957     3.4773     3.4776    144.969     46.000     2.5800 2.1013e-01     0.8364    32.0549    32.0572    25.4930    25.4948     7.3009    317.951     97.534     7.2950    317.695     97.458         45 0.0000e+00
  29.654990  29.656683     0.6744     2.4955     3.4761     3.4757    146.827     47.000     2.5800 2.1013e-01     0.8792    32.0549    32.0573    25.4931    25.4950     7.3103    318.361     97.657     7.2947    317.682     97.450         42 0.0000e+00
  29.653467  29.654517     0.6520     2.4963     3.4737     3.4727    149.309     48.000     2.5800 2.1013e-01     0.8294    32.0549    32.0572    25.4933    25.4952     7.3111    318.396     97.662     7.2971    317.785     97.474         46 0.0000e+00
  29.652022  29.654000     0.6702     2.4958     3.4715     3.4714    150.728     49.000     2.5800 2.1013e-01     0.8449    32.0549    32.0574    25.4935    25.4955     7.3040    318.085     97.561     7.2980    317.824     97.483         30 0.0000e+00
  29.647968  29.650647     0.6613     2.4946     3.4662     3.4672    152.721     50.000     2.5800 2.1012e-01     0.8666    32.0547    32.0570    25.4938    25.4955     7.3036    318.068     97.543     7.2992    317.878     97.489         61 0.0000e+00
  29.647852  29.650236     0.6432     2.4935     3.4658     3.4662    155.677     51.000     2.5799 2.1013e-01     0.8884    32.0545    32.0569    25.4937    25.4955     7.3015    317.979     97.515     7.2987    317.854     97.479         61 0.0000e+00
  29.646223  29.647878     0.6596     2.4932     3.4632     3.4629    158.300     52.000     2.5761 2.1013e-01     0.9120    32.0546    32.0568    25.4940    25.4958     7.3038    318.079     97.539     7.2694    316.581     97.081         48 0.0000e+00
  29.643896  29.646821     0.6612     2.4932     3.4601     3.4610    159.788     53.000     2.5751 2.1013e-01     0.9199    32.0544    32.0569    25.4941    25.4960     7.3064    318.190     97.566     7.2866    317.329     97.306         34 0.0000e+00
  29.643876  29.646088     0.6501     2.4929     3.4596     3.4599    161.544     54.000     2.5751 2.1012e-01     0.9364    32.0543    32.0567    25.4941    25.4959     7.3047    318.120     97.543     7.2880    317.390     97.322         54 0.0000e+00
  29.644567  29.646638     0.6225     2.4922     3.4599     3.4601    163.798     55.000     2.5751 2.1013e-01     0.9715    32.0544    32.0566    25.4941    25.4959     7.3025    318.022     97.514     7.2889    317.430     97.334         44 0.0000e+00
  29.644039  29.646302     0.6368     2.4922     3.4587     3.4592    166.231     56.000     2.5750 2.1012e-01     0.9691    32.0543    32.0566    25.4942    25.4959     7.3058    318.167     97.555     7.2886    317.416     97.328         45 0.0000e+00
  29.644991  29.647067     0.6453     2.4912     3.4592     3.4590    170.125     57.000     2.5742 2.1013e-01     0.9749    32.0545    32.0571    25.4942    25.4964     7.2991    317.872     97.466     7.2833    317.185     97.257         19 0.0000e+00
  29.645424  29.647011     0.6323     2.4914     3.4589     3.4584    170.805     58.000     2.5740 2.1013e-01     0.9881    32.0547    32.0572    25.4945    25.4965     7.3033    318.058     97.523     7.2898    317.467     97.342         16 0.0000e+00
  29.645004  29.646753     0.6140     2.4910     3.4580     3.4577    171.509     59.000     2.5743 2.1013e-01     0.9883    32.0546    32.0570    25.4945    25.4964     7.3017    317.989     97.499     7.2967    317.769     97.433         19 0.0000e+00
  29.645497  29.647586     0.6209     2.4907     3.4583     3.4584    173.478     60.000     2.5751 2.1013e-01     1.0059    32.0544    32.0568    25.4943    25.4962     7.3037    318.074     97.526     7.2963    317.749     97.428         34 0.0000e+00
  29.645892  29.647990     0.6377     2.4904     3.4582     3.4583    179.182     61.000     2.5751 2.1012e-01     1.1139    32.0545    32.0569    25.4943    25.4962     7.3023    318.015     97.507     7.2948    317.688     97.410         27 0.0000e+00
  29.646095  29.648545     0.6253     2.4895     3.4578     3.4583    180.007     62.000     2.5751 2.1013e-01     1.0437    32.0546    32.0570    25.4944    25.4963     7.2931    317.613     97.384     7.2959    317.733     97.423         23 0.0000e+00
  29.647045  29.649420     0.6253     2.4888     3.4583     3.4588    180.930     63.000     2.5751 2.1012e-01     1.0282    32.0547    32.0570    25.4945    25.4963     7.2971    317.785     97.438     7.2967    317.770     97.436         23 0.0000e+00
  29.647947  29.649990     0.6266     2.4892     3.4591     3.4591    182.080     64.000     2.5751 2.1013e-01     1.0415    32.0545    32.0569    25.4942    25.4962     7.3066    318.202     97.567     7.2975    317.803     97.447         35 0.0000e+00
  29.648520  29.650708     0.6280     2.4890     3.4593     3.4597    187.032     65.000     2.5750 2.1013e-01     1.0169    32.0545    32.0567    25.4942    25.4959     7.2985    317.846     97.458     7.2899    317.472     97.346         38 0.0000e+00
  29.650004  29.651604     0.6399     2.4885     3.4605     3.4600    189.234     66.000     2.5722 2.1013e-01     1.0396    32.0546    32.0569    25.4942    25.4961     7.3044    318.104     97.540     7.2755    316.847     97.156         30 0.0000e+00
