staticdata/example_data/profile_data/CTD001.ros
* Sea-Bird SBE 9 Data File:
* FileName = C:\Sea-Bird Data\2018\DY-18-05\CTD\CTD001.hex
* Software Version Seasave V 7.23.2
* Temperature SN = 4379
* Conductivity SN = 042985
* Number of Bytes Per Scan = 37
* Number of Voltage Words = 4
* Number of Scans Averaged by the Deck Unit = 1
* NMEA Latitude = 56 52.31 N
* NMEA Longitude = 164 03.02 W
* NMEA UTC (Time) = Apr 30 2018  19:11:51
* NMEA baud rate = 4800
# nquan = 15
# nvalues = 490                                   
# units = specified
# name 0 = bpos: Bottle Position in Carousel
# name 1 = depSM: Depth [salt water, m]
# name 2 = flECO-AFL: Fluorescence, WET Labs ECO-AFL/FL [mg/m^3]
# name 3 = sbeox0V: Oxygen raw, SBE 43 [V]
# name 4 = sbeox1V: Oxygen raw, SBE 43, 2 [V]
# name 5 = dz/dtM: Descent Rate [m/s]
# name 6 = c1mS/cm: Conductivity, 2 [mS/cm]
# name 7 = c0mS/cm: Conductivity [mS/cm]
# name 8 = t090C: Temperature [ITS-90, deg C]
# name 9 = t190C: Temperature, 2 [ITS-90, deg C]
# name 10 = turbWETntu0: Turbidity, WET Labs ECO [NTU]
# name 11 = prDM: Pressure, Digiquartz [db]
# name 12 = scan: Scan Count
# name 13 = nbf: Bottles Fired
# name 14 = flag:  0.000e+00
# interval = seconds: 0.0416667
# start_time = Apr 30 2018 19:11:51 [NMEA time, header]
# bad_flag = -9.990e-29
*END*
[from data line 97]
          2     64.786     0.8329     2.2417     2.5825      0.140  29.784272  29.782233     3.6093     3.6095     1.5076     65.396      12881          2  0.000e+00
          3     51.544     0.8817     2.5032     2.5887     -0.384  29.779225  29.776902     3.6098     3.6101     1.0558     52.028      17576          3  0.000e+00
          3     51.544     0.8817     2.5032     2.5887     -0.401  29.779279  29.777192     3.6098     3.6101     1.0558     52.028      17577          3  0.000e+00
          3     51.544     0.8817     2.5032     2.5887     -0.415  29.779116  29.777134     3.6096     3.6100     1.0558     52.028      17578          3  0.000e+00
          3     51.452     0.8817     2.5032     2.5887     -0.433  29.779061  29.777076     3.6098     3.6101     1.0558     51.935      17579          3  0.000e+00
          3     51.409     0.8817     2.5032     2.5887     -0.452  29.779061  29.777076     3.6099     3.6101     1.0558     51.892      17580          3  0.000e+00
          3     51.409     0.8817     2.5032     2.5887     -0.468  29.778843  29.776843     3.6099     3.6101     1.0558     51.892      17581          3  0.000e+00
          3     51.366     0.8817     2.5032     2.5887     -0.488  29.779224  29.777192     3.6099     3.6101     1.0558     51.848      17582          3  0.000e+00
          3     51.317     0.8695     2.5032     2.5887     -0.505  29.779115  29.776726     3.6099     3.6101     1.0314     51.798      17583          3  0.000e+00
          3     51.292     0.8573     2.5020     2.5887     -0.521  29.779061  29.776726     3.6099     3.6102     1.0069     51.773      17584          3  0.000e+00
          3     51.274     0.8573     2.5020     2.5887     -0.536  29.779061  29.777017     3.6099     3.6100     1.0008     51.755      17585          3  0.000e+00
          3     51.231     0.8573     2.5032     2.5887     -0.551  29.778843  29.776842     3.6099     3.6099     1.0069     51.711      17586          3  0.000e+00
          3     51.231     0.8573     2.5032     2.5887     -0.566  29.779006  29.776610     3.6096     3.6098     1.0069     51.711      17587          3  0.000e+00
          3     51.138     0.8573     2.5032     2.5887     -0.581  29.779060  29.776959     3.6099     3.6101     1.0069     51.618      17588          3  0.000e+00
          3     51.095     0.8573     2.5032     2.5887     -0.598  29.778842  29.776668     3.6096     3.6101     1.0069     51.575      17589          3  0.000e+00
          3     51.095     0.8573     2.5032     2.5887     -0.612  29.778788  29.776726     3.6098     3.6101     1.0069     51.575      17590          3  0.000e+00
          3     51.046     0.8573     2.5032     2.5887     -0.627  29.779005  29.776609     3.6098     3.6100     1.0069     51.525      17591          3  0.000e+00
          3     51.046     0.8573     2.5032     2.5887     -0.638  29.779060  29.776726     3.6098     3.6102     1.0069     51.525      17592          3  0.000e+00
          3     50.972     0.8573     2.5032     2.5887     -0.651  29.779060  29.776784     3.6096     3.6101     1.0069     51.450      17593          3  0.000e+00
          3     50.911     0.8573     2.5032     2.5887     -0.667  29.779060  29.776783     3.6098     3.6101     1.0069     51.388      17594          3  0.000e+00
          3     50.960     0.8573     2.5032     2.5887     -0.674  29.779060  29.776784     3.6096     3.6101     1.0069     51.438      17595          3  0.000e+00
          3     50.868     0.8573     2.5045     2.5887     -0.687  29.778842  29.776958     3.6096     3.6103     1.0069     51.345      17596          3  0.000e+00
          3     50.824     0.8573     2.5032     2.5887     -0.701  29.778787  29.777074     3.6099     3.6101     1.0069     51.301      17597          3  0.000e+00
          3     50.824     0.8573     2.5032     2.5887     -0.709  29.778787  29.776841     3.6096     3.6100     1.0069     51.301      17598          3  0.000e+00
          3     50.775     0.8573     2.5032     2.5887     -0.720  29.778787  29.776783     3.6101     3.6099     1.0069     51.252      17599          3  0.000e+00
          3     50.775     0.8573     2.5032     2.5887     -0.729  29.778787  29.776609     3.6097     3.6103     1.0069     51.252      17600          3  0.000e+00
          3     50.701     0.8573     2.5032     2.5887     -0.739  29.779004  29.776550     3.6098     3.6101     1.0069     51.177      17601          3  0.000e+00
          3     50.689     0.8573     2.5032     2.5887     -0.747  29.778841  29.776550     3.6096     3.6099     1.0008     51.165      17602          3  0.000e+00
          3     50.640     0.8573     2.5032     2.5887     -0.754  29.778787  29.776724     3.6098     3.6100     1.0069     51.115      17603          3  0.000e+00
          3     50.597     0.8573     2.5032     2.5887     -0.763  29.779004  29.776608     3.6096     3.6100     1.0069     51.072      17604          3  0.000e+00
          3     50.597     0.8573     2.5032     2.5887     -0.768  29.779222  29.776724     3.6094     3.6098     1.0069     51.072      17605          3  0.000e+00
          3     50.554     0.8573     2.5020     2.5887     -0.775  29.778732  29.776608     3.6094     3.6100     1.0069     51.028      17606          3  0.000e+00
          3     50.505     0.8573     2.5020     2.5887     -0.781  29.778514  29.776724     3.6096     3.6101     1.0069     50.978      17607          3  0.000e+00
          3     50.461     0.8573     2.5020     2.5887     -0.789  29.778732  29.776375     3.6096     3.6098     0.9886     50.935      17608          3  0.000e+00
          3     50.474     0.8451     2.5032     2.5887     -0.792  29.778786  29.776666     3.6094     3.6098     0.9093     50.947      17609          3  0.000e+00
          3     50.418     0.8451     2.5032     2.5887     -0.794  29.778786  29.776608     3.6096     3.6101     0.8726     50.891      17610          3  0.000e+00
          3     50.369     0.8451     2.5032     2.5887     -0.799  29.778405  29.776317     3.6098     3.6101     0.8726     50.842      17611          3  0.000e+00
          3     50.369     0.8451     2.5032     2.5887     -0.801  29.778622  29.776433     3.6094     3.6099     0.8726     50.842      17612          3  0.000e+00
          3     50.326     0.8451     2.5032     2.5887     -0.803  29.778786  29.776316     3.6094     3.6100     0.8726     50.798      17613          3  0.000e+00
          3     50.326     0.8451     2.5032     2.5887     -0.804  29.778405  29.776433     3.6096     3.6100     0.8726     50.798      17614          3  0.000e+00
          3     50.234     0.8451     2.5032     2.5887     -0.806  29.778459  29.776316     3.6096     3.6098     0.8726     50.705      17615          3  0.000e+00
          3     50.234     0.8451     2.5032     2.5887     -0.808  29.778513  29.776433     3.6094     3.6100     0.8726     50.705      17616          3  0.000e+00
          3     50.252     0.8451     2.5032     2.5887     -0.804  29.778513  29.776316     3.6094     3.6098     0.8726     50.724      17617          3  0.000e+00
          3     50.148     0.8451     2.5032     2.5887     -0.806  29.778513  29.776432     3.6094     3.6098     0.8726     50.618      17618          3  0.000e+00
          3     50.191     0.8451     2.5032     2.5887     -0.803  29.778132  29.776316     3.6096     3.6098     0.8726     50.662      17619          3  0.000e+00
          3     50.148     0.8451     2.5032     2.5887     -0.799  29.778350  29.776258     3.6094     3.6099     0.8726     50.618      17620          3  0.000e+00
          3     50.098     0.8451     2.5032     2.5887     -0.798  29.778676  29.776025     3.6096     3.6100     0.8726     50.568      17621          3  0.000e+00
          3     50.055     0.8451     2.5032     2.5887     -0.797  29.778404  29.776374     3.6097     3.6098     0.8726     50.525      17622          3  0.000e+00
          3     50.098     0.8451     2.5032     2.5887     -0.793  29.778241  29.776316     3.6098     3.6099     0.8726     50.568      17623          3  0.000e+00
          3     50.025     0.8451     2.5032     2.5887     -0.789  29.778240  29.776257     3.6094     3.6100     0.8726     50.494      17624          3  0.000e+00
          4     41.304     0.8695     2.5069     2.5937      1.298  29.774023  29.772219     3.6093     3.6092     0.8055     41.691      21288          4  0.000e+00
          4     41.384     0.8695     2.5069     2.5937      1.292  29.774459  29.772336     3.6093     3.6093     0.8055     41.771      21289          4  0.000e+00
          4     41.384     0.8695     2.5069     2.5937      1.281  29.774241  29.772103     3.6091     3.6092     0.8055     41.771      21290          4  0.000e+00
          4     41.439     0.8695     2.5069     2.5937      1.274  29.774296  29.772220     3.6090     3.6095     0.8055     41.827      21291          4  0.000e+00
          4     41.476     0.8695     2.5069     2.5937      1.264  29.774350  29.772104     3.6091     3.6096     0.8055     41.865      21292          4  0.000e+00
          4     41.476     0.8695     2.5069     2.5937      1.251  29.774568  29.772045     3.6090     3.6095     0.8055     41.865      21293          4  0.000e+00
          4     41.482     0.8695     2.5069     2.5949      1.237  29.774405  29.772220     3.6093     3.6094     0.8055     41.871      21294          4  0.000e+00
          4     41.569     0.8695     2.5069     2.5949      1.223  29.774187  29.772337     3.6090     3.6094     0.7994     41.958      21295          4  0.000e+00
          4     41.532     0.8695     2.5069     2.5949      1.206  29.774296  29.771871     3.6091     3.6097     0.8055     41.920      21296          4  0.000e+00
          4     41.612     0.8695     2.5057     2.5949      1.191  29.774351  29.771929     3.6093     3.6094     0.8055     42.001      21297          4  0.000e+00
          4     41.612     0.8695     2.5057     2.5949      1.173  29.774351  29.772220     3.6091     3.6097     0.8055     42.001      21298          4  0.000e+00
          4     41.618     0.8695     2.5069     2.5949      1.152  29.774079  29.772104     3.6091     3.6097     0.8055     42.007      21299          4  0.000e+00
          4     41.655     0.8695     2.5057     2.5937      1.131  29.774242  29.772046     3.6091     3.6098     0.8055     42.045      21300          4  0.000e+00
          4     41.655     0.8695     2.5057     2.5949      1.107  29.774188  29.772220     3.6093     3.6098     0.8055     42.045      21301          4  0.000e+00
          4     41.710     0.8695     2.5069     2.5949      1.086  29.774460  29.772104     3.6091     3.6096     0.8055     42.101      21302          4  0.000e+00
          4     41.704     0.8695     2.5069     2.5949      1.065  29.774242  29.772046     3.6094     3.6098     0.8055     42.094      21303          4  0.000e+00
          4     41.704     0.8695     2.5069     2.5949      1.040  29.774297  29.772221     3.6091     3.6095     0.8055     42.094      21304          4  0.000e+00
          4     41.710     0.8695     2.5082     2.5949      1.015  29.774514  29.772337     3.6090     3.6094     0.8055     42.101      21305          4  0.000e+00
          4     41.747     0.8695     2.5069     2.5949      0.990  29.774460  29.772337     3.6090     3.6095     0.7994     42.138      21306          4  0.000e+00
          4     41.747     0.8695     2.5069     2.5949      0.966  29.774351  29.772337     3.6091     3.6094     0.8055     42.138      21307          4  0.000e+00
          4     41.753     0.8695     2.5069     2.5949      0.939  29.774079  29.771697     3.6091     3.6093     0.7994     42.144      21308          4  0.000e+00
          4     41.747     0.8695     2.5069     2.5949      0.912  29.774079  29.772104     3.6093     3.6095     0.8055     42.138      21309          4  0.000e+00
          4     41.753     0.8573     2.5069     2.5949      0.883  29.774460  29.772337     3.6091     3.6094     0.7994     42.144      21310          4  0.000e+00
          4     41.790     0.8207     2.5069     2.5949      0.854  29.774134  29.772104     3.6091     3.6094     0.7872     42.181      21311          4  0.000e+00
          4     41.747     0.8085     2.5069     2.5949      0.824  29.774515  29.771814     3.6093     3.6094     0.7750     42.138      21312          4  0.000e+00
          4     41.802     0.8085     2.5069     2.5949      0.793  29.774624  29.772395     3.6093     3.6094     0.7750     42.194      21313          4  0.000e+00
          4     41.747     0.8085     2.5082     2.5949      0.761  29.774406  29.772395     3.6091     3.6092     0.7750     42.138      21314          4  0.000e+00
          4     41.790     0.8085     2.5082     2.5949      0.730  29.774188  29.772337     3.6093     3.6093     0.7811     42.181      21315          4  0.000e+00
          4     41.802     0.8085     2.5069     2.5949      0.705  29.774297  29.772512     3.6090     3.6094     0.7811     42.194      21316          4  0.000e+00
          4     41.747     0.8085     2.5069     2.5949      0.672  29.774351  29.771930     3.6091     3.6094     0.7750     42.138      21317          4  0.000e+00
          4     41.655     0.8085     2.5069     2.5949      0.633  29.774351  29.771930     3.6090     3.6090     0.7811     42.045      21318          4  0.000e+00
          4     41.802     0.8085     2.5069     2.5949      0.607  29.774351  29.772046     3.6090     3.6094     0.7750     42.194      21319          4  0.000e+00
          4     41.839     0.8085     2.5057     2.5949      0.581  29.774569  29.772221     3.6091     3.6094     0.7750     42.231      21320          4  0.000e+00
          4     41.753     0.8085     2.5069     2.5949      0.548  29.774188  29.772104     3.6090     3.6092     0.7811     42.144      21321          4  0.000e+00
          4     41.747     0.8085     2.5069     2.5949      0.519  29.774242  29.772221     3.6091     3.6094     0.7811     42.138      21322          4  0.000e+00
          4     41.747     0.8085     2.5069     2.5949      0.488  29.774188  29.772104     3.6090     3.6093     0.7811     42.138      21323          4  0.000e+00
          4     41.710     0.8085     2.5057     2.5949      0.458  29.774297  29.772221     3.6091     3.6094     0.7750     42.101      21324          4  0.000e+00
          4     41.704     0.8085     2.5069     2.5949      0.425  29.774514  29.772104     3.6093     3.6094     0.7811     42.094      21325          4  0.000e+00
          4     41.704     0.8085     2.5069     2.5949      0.393  29.774460  29.772046     3.6091     3.6091     0.7811     42.094      21326          4  0.000e+00
          4     41.618     0.8085     2.5069     2.5949      0.356  29.774079  29.772220     3.6089     3.6092     0.7750     42.007      21327          4  0.000e+00
          4     41.747     0.8085     2.5082     2.5949      0.331  29.774297  29.772104     3.6090     3.6091     0.7811     42.138      21328          4  0.000e+00
          4     41.655     0.8085     2.5082     2.5937      0.298  29.774351  29.772046     3.6091     3.6092     0.7811     42.045      21329          4  0.000e+00
          4     41.618     0.8085     2.5069     2.5949      0.267  29.774351  29.772220     3.6090     3.6094     0.7811     42.007      21330          4  0.000e+00
          4     41.655     0.8085     2.5069     2.5937      0.237  29.774351  29.772337     3.6090     3.6094     0.7811     42.045      21331          4  0.000e+00
          4     41.612     0.8085     2.5082     2.5937      0.209  29.774351  29.772104     3.6091     3.6097     0.7811     42.001      21332          4  0.000e+00
