staticdata/example_data/profile_data/CTD006.ros
* Sea-Bird SBE 9 Data File:
* FileName = C:\Sea-Bird Data\2018\DY-18-05\CTD\CTD006.hex
* Software Version Seasave V 7.23.2
* Temperature SN = 4379
* Conductivity SN = 042985
* Number of Bytes Per Scan = 37
* Number of Voltage Words = 4
* Number of Scans Averaged by the Deck Unit = 1
* NMEA Latitude = 56 48.44 N
* NMEA Longitude = 164 34.81 W
* NMEA UTC (Time) = May 01 2018  15:29:11
* NMEA baud rate = 4800
# nquan = 15
# nvalues = 343                                   
# units = specified
# name 0 = bpos: Bottle Position in Carousel
# name 1 = depSM: Depth [salt water, m]
# name 2 = flECO-AFL: Fluorescence, WET Labs ECO-AFL/FL [mg/m^3]
# name 3 = sbeox0V: Oxygen raw, SBE 43 [V]
# name 4 = sbeox1V: Oxygen raw, SBE 43, 2 [V]
# name 5 = dz/dtM: Descent Rate [m/s]
# name 6 = c1mS/cm: Conductivity, 2 [mS/cm]
# name 7 = c0mS/cm: Conductivity [mS/cm]
# name 8 = t090C: Temperature [ITS-90, deg C]
# name 9 = t190C: Temperature, 2 [ITS-90, deg C]
# name 10 = turbWETntu0: Turbidity, WET Labs ECO [NTU]
# name 11 = prDM: Pressure, Digiquartz [db]
# name 12 = scan: Scan Count
# name 13 = nbf: Bottles Fired
# name 14 = flag:  0.000e+00
# interval = seconds: 0.0416667
# start_time = May 01 2018 15:29:11 [NMEA time, header]
# bad_flag = -9.990e-29
*END*
          1     65.041     0.6742     2.4824     2.5654      0.170  29.524417  29.522571     3.3307     3.3310     1.1840     65.653       6219          1  0.000e+00
          1     65.016     0.6742     2.4824     2.5642      0.171  29.524525  29.522339     3.3307     3.3310     1.1474     65.628       6220          1  0.000e+00
          1     65.016     0.6986     2.4824     2.5654      0.174  29.524580  29.522687     3.3307     3.3310     1.1413     65.628       6221          1  0.000e+00
          1     65.065     0.6986     2.4824     2.5654      0.178  29.524417  29.522397     3.3309     3.3310     1.1413     65.678       6222          1  0.000e+00
          1     65.041     0.6986     2.4824     2.5642      0.183  29.524525  29.522281     3.3306     3.3308     1.1413     65.653       6223          1  0.000e+00
          1     65.065     0.6742     2.4824     2.5629      0.186  29.524417  29.522455     3.3307     3.3310     1.1474     65.678       6224          1  0.000e+00
          1     65.109     0.6986     2.4824     2.5654      0.191  29.524526  29.522571     3.3308     3.3307     1.1413     65.721       6225          1  0.000e+00
          1     65.109     0.6986     2.4824     2.5642      0.197  29.524580  29.522745     3.3309     3.3311     1.1413     65.721       6226          1  0.000e+00
          1     65.127     0.7108     2.4824     2.5654      0.202  29.524417  29.522629     3.3310     3.3310     1.1413     65.740       6227          1  0.000e+00
          1     65.152     0.6986     2.4824     2.5642      0.209  29.524906  29.522745     3.3306     3.3310     1.1413     65.765       6228          1  0.000e+00
          1     65.152     0.6986     2.4824     2.5642      0.212  29.524526  29.522629     3.3308     3.3310     1.1413     65.765       6229          1  0.000e+00
          1     65.201     0.6986     2.4824     2.5654      0.219  29.524363  29.522745     3.3306     3.3308     1.1413     65.815       6230          1  0.000e+00
          1     65.176     0.6986     2.4824     2.5642      0.226  29.524689  29.522397     3.3308     3.3310     1.1413     65.790       6231          1  0.000e+00
          1     65.244     0.6986     2.4824     2.5642      0.233  29.524472  29.522455     3.3307     3.3311     1.1413     65.858       6232          1  0.000e+00
          1     65.244     0.6986     2.4824     2.5642      0.243  29.524689  29.522571     3.3307     3.3310     1.1474     65.858       6233          1  0.000e+00
          1     65.244     0.6986     2.4824     2.5654      0.251  29.524689  29.522745     3.3308     3.3307     1.1413     65.858       6234          1  0.000e+00
          1     65.244     0.6986     2.4824     2.5654      0.254  29.524417  29.522861     3.3308     3.3308     1.1413     65.858       6235          1  0.000e+00
          1     65.312     0.6986     2.4824     2.5654      0.266  29.524526  29.523035     3.3306     3.3310     1.1413     65.927       6236          1  0.000e+00
          1     65.336     0.6986     2.4824     2.5642      0.275  29.524798  29.522687     3.3307     3.3308     1.1413     65.951       6237          1  0.000e+00
          1     65.336     0.6986     2.4824     2.5642      0.284  29.524418  29.522572     3.3308     3.3308     1.1413     65.951       6238          1  0.000e+00
          1     65.336     0.6742     2.4824     2.5654      0.290  29.524743  29.522745     3.3307     3.3311     1.1413     65.951       6239          1  0.000e+00
          1     65.398     0.6986     2.4824     2.5654      0.301  29.524689  29.522630     3.3306     3.3308     1.1413     66.014       6240          1  0.000e+00
          1     65.379     0.6986     2.4824     2.5654      0.307  29.524581  29.522746     3.3310     3.3307     1.1413     65.995       6241          1  0.000e+00
          1     65.422     0.6986     2.4824     2.5654      0.315  29.524581  29.522862     3.3306     3.3310     1.1413     66.038       6242          1  0.000e+00
          1     65.472     0.6986     2.4824     2.5642      0.326  29.524798  29.522862     3.3309     3.3310     1.1413     66.088       6243          1  0.000e+00
          1     65.447     0.6986     2.4811     2.5642      0.334  29.524472  29.522630     3.3306     3.3308     1.1413     66.063       6244          1  0.000e+00
          1     65.472     0.6742     2.4824     2.5642      0.345  29.524744  29.522572     3.3307     3.3308     1.1229     66.088       6245          1  0.000e+00
          1     65.515     0.6742     2.4824     2.5654      0.352  29.524852  29.522746     3.3306     3.3307     1.1168     66.132       6246          1  0.000e+00
          1     65.515     0.6742     2.4836     2.5654      0.361  29.524690  29.522630     3.3305     3.3307     1.1168     66.132       6247          1  0.000e+00
          1     65.533     0.6742     2.4836     2.5642      0.368  29.524798  29.522572     3.3306     3.3310     1.1229     66.150       6248          1  0.000e+00
          1     65.564     0.6742     2.4836     2.5654      0.377  29.524635  29.522746     3.3306     3.3308     1.1229     66.181       6249          1  0.000e+00
          1     65.607     0.6742     2.4824     2.5654      0.386  29.524798  29.522398     3.3307     3.3308     1.1229     66.225       6250          1  0.000e+00
          1     65.607     0.6742     2.4811     2.5642      0.395  29.524418  29.522688     3.3306     3.3310     1.1168     66.225       6251          1  0.000e+00
          1     65.626     0.6742     2.4824     2.5654      0.402  29.524527  29.522630     3.3306     3.3305     1.1168     66.243       6252          1  0.000e+00
          1     65.650     0.6742     2.4824     2.5642      0.409  29.524798  29.522746     3.3306     3.3310     1.1229     66.268       6253          1  0.000e+00
          1     65.650     0.6742     2.4824     2.5654      0.414  29.524853  29.522630     3.3304     3.3310     1.1229     66.268       6254          1  0.000e+00
          1     65.700     0.6742     2.4824     2.5654      0.423  29.524853  29.522978     3.3306     3.3308     1.1229     66.318       6255          1  0.000e+00
          1     65.718     0.6742     2.4824     2.5654      0.428  29.524853  29.522920     3.3306     3.3308     1.1229     66.337       6256          1  0.000e+00
          1     65.743     0.6742     2.4824     2.5654      0.437  29.524853  29.522399     3.3307     3.3308     1.1229     66.362       6257          1  0.000e+00
          1     65.743     0.6742     2.4824     2.5654      0.442  29.524690  29.522921     3.3306     3.3310     1.1229     66.362       6258          1  0.000e+00
          1     65.786     0.6742     2.4836     2.5642      0.449  29.524799  29.522689     3.3308     3.3310     1.1229     66.405       6259          1  0.000e+00
          1     65.718     0.6742     2.4836     2.5654      0.447  29.524853  29.522747     3.3307     3.3308     1.1168     66.337       6260          1  0.000e+00
          1     65.786     0.6742     2.4836     2.5654      0.451  29.524690  29.523037     3.3307     3.3311     1.1229     66.405       6261          1  0.000e+00
          1     65.835     0.6742     2.4836     2.5654      0.458  29.524799  29.522921     3.3308     3.3310     1.1229     66.455       6262          1  0.000e+00
          1     65.810     0.6742     2.4836     2.5654      0.459  29.524853  29.522863     3.3308     3.3310     1.1229     66.430       6263          1  0.000e+00
          1     65.878     0.6742     2.4836     2.5654      0.463  29.524853  29.522863     3.3306     3.3310     1.1168     66.498       6264          1  0.000e+00
          1     65.835     0.6742     2.4836     2.5654      0.467  29.525070  29.522863     3.3310     3.3310     1.1168     66.455       6265          1  0.000e+00
          1     65.878     0.6742     2.4824     2.5654      0.465  29.524745  29.523037     3.3307     3.3310     1.1229     66.498       6266          1  0.000e+00
          1     65.853     0.6742     2.4824     2.5654      0.465  29.524799  29.522689     3.3307     3.3310     1.1229     66.473       6267          1  0.000e+00
          2     50.729     0.6742     2.4885     2.5728      0.042  29.522585  29.520674     3.3358     3.3357     1.0314     51.204       8037          2  0.000e+00
          2     50.729     0.6742     2.4885     2.5728      0.044  29.522693  29.520790     3.3357     3.3358     1.0375     51.204       8038          2  0.000e+00
          2     50.778     0.6742     2.4885     2.5728      0.057  29.522856  29.521080     3.3358     3.3360     1.0375     51.254       8039          2  0.000e+00
          2     50.833     0.6742     2.4885     2.5728      0.068  29.522531  29.520964     3.3356     3.3359     1.0375     51.310       8040          2  0.000e+00
          2     50.729     0.6742     2.4885     2.5728      0.072  29.522748  29.520442     3.3356     3.3360     1.0375     51.204       8041          2  0.000e+00
          2     50.821     0.6742     2.4885     2.5728      0.079  29.522748  29.520501     3.3356     3.3361     1.0314     51.297       8042          2  0.000e+00
          2     50.778     0.6742     2.4885     2.5728      0.085  29.523073  29.520153     3.3353     3.3362     1.0375     51.254       8043          2  0.000e+00
          2     50.821     0.6742     2.4885     2.5728      0.094  29.523182  29.520211     3.3355     3.3362     1.0375     51.297       8044          2  0.000e+00
          2     50.778     0.6742     2.4873     2.5728      0.097  29.523182  29.520500     3.3353     3.3362     1.0314     51.254       8045          2  0.000e+00
          2     50.821     0.6742     2.4873     2.5728      0.102  29.522748  29.520616     3.3356     3.3364     1.0375     51.297       8046          2  0.000e+00
          2     50.790     0.6742     2.4885     2.5728      0.106  29.523073  29.520790     3.3355     3.3363     1.0375     51.266       8047          2  0.000e+00
          2     50.870     0.6742     2.4885     2.5728      0.110  29.523019  29.520675     3.3355     3.3362     1.0375     51.347       8048          2  0.000e+00
          2     50.821     0.6742     2.4885     2.5728      0.114  29.522694  29.520616     3.3356     3.3360     1.0375     51.297       8049          2  0.000e+00
          2     50.821     0.6742     2.4873     2.5728      0.118  29.523073  29.520790     3.3357     3.3365     1.0375     51.297       8050          2  0.000e+00
          2     50.821     0.6742     2.4873     2.5728      0.121  29.523236  29.520443     3.3356     3.3370     1.0375     51.297       8051          2  0.000e+00
          2     50.821     0.6742     2.4873     2.5728      0.120  29.522965  29.520732     3.3356     3.3366     1.0375     51.297       8052          2  0.000e+00
          2     50.870     0.6742     2.4873     2.5728      0.129  29.523345  29.520443     3.3355     3.3365     1.0375     51.347       8053          2  0.000e+00
          2     50.833     0.6742     2.4885     2.5728      0.128  29.523236  29.520501     3.3356     3.3364     1.0375     51.310       8054          2  0.000e+00
          2     50.821     0.6742     2.4885     2.5728      0.126  29.523019  29.520617     3.3353     3.3362     1.0375     51.297       8055          2  0.000e+00
          2     50.821     0.6742     2.4873     2.5728      0.126  29.522965  29.520617     3.3355     3.3363     1.0375     51.297       8056          2  0.000e+00
          2     50.870     0.6742     2.4873     2.5728      0.126  29.522694  29.520617     3.3356     3.3362     1.0314     51.347       8057          2  0.000e+00
          2     50.821     0.6742     2.4873     2.5728      0.126  29.522856  29.520790     3.3357     3.3364     1.0192     51.297       8058          2  0.000e+00
          2     50.870     0.6742     2.4873     2.5728      0.124  29.523128  29.520675     3.3356     3.3362     1.0192     51.347       8059          2  0.000e+00
          2     50.821     0.6742     2.4873     2.5728      0.126  29.523182  29.520616     3.3356     3.3363     1.0130     51.297       8060          2  0.000e+00
          2     50.833     0.6742     2.4873     2.5728      0.121  29.523236  29.520617     3.3356     3.3362     1.0192     51.310       8061          2  0.000e+00
          2     50.870     0.6742     2.4873     2.5728      0.119  29.522965  29.520791     3.3356     3.3362     1.0192     51.347       8062          2  0.000e+00
          2     50.821     0.6742     2.4873     2.5728      0.115  29.523128  29.520674     3.3355     3.3363     1.0192     51.297       8063          2  0.000e+00
          2     50.870     0.6742     2.4873     2.5728      0.114  29.522965  29.520791     3.3356     3.3362     1.0192     51.347       8064          2  0.000e+00
          2     50.821     0.6742     2.4873     2.5728      0.110  29.523128  29.520906     3.3359     3.3360     1.0192     51.297       8065          2  0.000e+00
          2     50.870     0.6742     2.4861     2.5728      0.108  29.523236  29.520906     3.3357     3.3362     1.0192     51.347       8066          2  0.000e+00
          2     50.821     0.6742     2.4873     2.5728      0.103  29.522965  29.520906     3.3356     3.3362     1.0192     51.297       8067          2  0.000e+00
          2     50.882     0.6742     2.4873     2.5728      0.101  29.522911  29.521080     3.3359     3.3362     1.0130     51.360       8068          2  0.000e+00
          2     50.821     0.6742     2.4873     2.5728      0.097  29.522911  29.521138     3.3358     3.3363     1.0130     51.297       8069          2  0.000e+00
          2     50.821     0.6742     2.4873     2.5728      0.091  29.523128  29.520964     3.3359     3.3361     1.0192     51.297       8070          2  0.000e+00
          2     50.821     0.6742     2.4873     2.5728      0.086  29.523236  29.520906     3.3361     3.3362     1.0192     51.297       8071          2  0.000e+00
          2     50.870     0.6742     2.4873     2.5728      0.084  29.522965  29.521080     3.3358     3.3362     1.0192     51.347       8072          2  0.000e+00
          2     50.778     0.6742     2.4873     2.5728      0.076  29.522910  29.520964     3.3356     3.3362     1.0130     51.254       8073          2  0.000e+00
          2     50.870     0.6742     2.4873     2.5728      0.074  29.522748  29.520906     3.3357     3.3363     1.0192     51.347       8074          2  0.000e+00
          2     50.821     0.6742     2.4873     2.5728      0.068  29.523019  29.520674     3.3358     3.3363     1.0192     51.297       8075          2  0.000e+00
          2     50.833     0.6742     2.4873     2.5728      0.063  29.523182  29.520964     3.3356     3.3363     1.0192     51.310       8076          2  0.000e+00
          2     50.821     0.6742     2.4873     2.5728      0.056  29.523182  29.521138     3.3356     3.3362     1.0192     51.297       8077          2  0.000e+00
          2     50.821     0.6742     2.4873     2.5728      0.052  29.523019  29.521138     3.3360     3.3362     1.0192     51.297       8078          2  0.000e+00
          2     50.821     0.6742     2.4873     2.5728      0.047  29.523128  29.520732     3.3356     3.3365     1.0192     51.297       8079          2  0.000e+00
          2     50.821     0.6742     2.4873     2.5728      0.042  29.523182  29.520964     3.3356     3.3365     1.0192     51.297       8080          2  0.000e+00
          2     50.778     0.6742     2.4873     2.5728      0.036  29.523019  29.520732     3.3358     3.3361     1.0192     51.254       8081          2  0.000e+00
          2     50.821     0.6742     2.4885     2.5728      0.031  29.522911  29.520964     3.3357     3.3362     1.0192     51.297       8082          2  0.000e+00
          2     50.833     0.6742     2.4885     2.5728      0.026  29.523128  29.520732     3.3356     3.3362     1.0375     51.310       8083          2  0.000e+00
