staticdata/example_data/profile_data/ctd005.ros
* Sea-Bird SBE 9 Data File:
* FileName = C:\Sea-Bird Data\2018\DY-18-05\CTD\CTD005.hex
* Software Version Seasave V 7.23.2
* Temperature SN = 4379
* Conductivity SN = 042985
* Number of Bytes Per Scan = 37
* Number of Voltage Words = 4
* Number of Scans Averaged by the Deck Unit = 1
* NMEA Latitude = 56 46.21 N
* NMEA Longitude = 164 20.03 W
* NMEA UTC (Time) = May 01 2018  13:52:32
* NMEA baud rate = 4800
# nquan = 15
# nvalues = 392                                   
# units = specified
# name 0 = bpos: Bottle Position in Carousel
# name 1 = depSM: Depth [salt water, m]
# name 2 = flECO-AFL: Fluorescence, WET Labs ECO-AFL/FL [mg/m^3]
# name 3 = sbeox0V: Oxygen raw, SBE 43 [V]
# name 4 = sbeox1V: Oxygen raw, SBE 43, 2 [V]
# name 5 = dz/dtM: Descent Rate [m/s]
# name 6 = c1mS/cm: Conductivity, 2 [mS/cm]
# name 7 = c0mS/cm: Conductivity [mS/cm]
# name 8 = t090C: Temperature [ITS-90, deg C]
# name 9 = t190C: Temperature, 2 [ITS-90, deg C]
# name 10 = turbWETntu0: Turbidity, WET Labs ECO [NTU]
# name 11 = prDM: Pressure, Digiquartz [db]
# name 12 = scan: Scan Count
# name 13 = nbf: Bottles Fired
# name 14 = flag:  0.000e+00
# interval = seconds: 0.0416667
# start_time = May 01 2018 13:52:32 [NMEA time, header]
# bad_flag = -9.990e-29
*END*
[from data line 97]
          2     50.343     0.6742     2.4934     2.5752      0.163  29.641071  29.640468     3.4569     3.4559     0.9459     50.815       6993          2  0.000e+00
          3     49.580     0.6986     2.4922     2.5752     -0.218  29.645742  29.643252     3.4607     3.4617     0.9581     50.044       7105          3  0.000e+00
          3     49.531     0.6986     2.4922     2.5740     -0.219  29.645742  29.643020     3.4608     3.4616     0.9581     49.995       7106          3  0.000e+00
          3     49.623     0.6986     2.4934     2.5740     -0.210  29.645742  29.642962     3.4607     3.4616     0.9581     50.088       7107          3  0.000e+00
          3     49.592     0.6986     2.4922     2.5752     -0.208  29.645525  29.643194     3.4604     3.4611     0.9520     50.057       7108          3  0.000e+00
          3     49.531     0.6986     2.4909     2.5752     -0.206  29.645633  29.643252     3.4604     3.4612     0.9581     49.995       7109          3  0.000e+00
          3     49.580     0.6986     2.4922     2.5752     -0.201  29.645742  29.643020     3.4604     3.4614     0.9581     50.044       7110          3  0.000e+00
          3     49.531     0.6742     2.4922     2.5740     -0.203  29.645742  29.642962     3.4604     3.4617     0.9581     49.995       7111          3  0.000e+00
          3     49.580     0.6986     2.4922     2.5752     -0.192  29.645905  29.643194     3.4603     3.4614     0.9581     50.044       7112          3  0.000e+00
          3     49.580     0.6986     2.4922     2.5752     -0.188  29.645796  29.643020     3.4602     3.4614     0.9581     50.044       7113          3  0.000e+00
          3     49.592     0.6742     2.4934     2.5740     -0.180  29.645742  29.642962     3.4603     3.4612     0.9581     50.057       7114          3  0.000e+00
          3     49.531     0.6986     2.4934     2.5740     -0.178  29.645524  29.642788     3.4602     3.4611     0.9581     49.995       7115          3  0.000e+00
          3     49.580     0.6986     2.4934     2.5752     -0.171  29.645144  29.643078     3.4604     3.4611     0.9581     50.044       7116          3  0.000e+00
          3     49.580     0.6986     2.4922     2.5752     -0.164  29.645144  29.642846     3.4604     3.4611     0.9581     50.044       7117          3  0.000e+00
          3     49.580     0.6986     2.4922     2.5727     -0.159  29.645579  29.643310     3.4607     3.4612     0.9581     50.044       7118          3  0.000e+00
          3     49.580     0.6986     2.4922     2.5752     -0.150  29.645307  29.643310     3.4610     3.4609     0.9642     50.044       7119          3  0.000e+00
          3     49.543     0.6986     2.4934     2.5740     -0.146  29.645361  29.643252     3.4608     3.4609     0.9642     50.007       7120          3  0.000e+00
          3     49.580     0.6986     2.4934     2.5752     -0.139  29.645035  29.643426     3.4609     3.4609     0.9642     50.044       7121          3  0.000e+00
          3     49.623     0.6986     2.4934     2.5727     -0.130  29.645307  29.643078     3.4611     3.4611     0.9642     50.088       7122          3  0.000e+00
          3     49.580     0.6986     2.4934     2.5752     -0.122  29.645470  29.643368     3.4605     3.4612     0.9642     50.044       7123          3  0.000e+00
          3     49.580     0.6986     2.4934     2.5752     -0.116  29.645470  29.643310     3.4607     3.4609     0.9642     50.044       7124          3  0.000e+00
          3     49.623     0.6986     2.4934     2.5740     -0.107  29.645035  29.643427     3.4608     3.4612     0.9642     50.088       7125          3  0.000e+00
          3     49.592     0.6986     2.4934     2.5740     -0.099  29.645307  29.643078     3.4609     3.4609     0.9642     50.057       7126          3  0.000e+00
          3     49.623     0.6986     2.4934     2.5752     -0.091  29.645253  29.643136     3.4607     3.4611     0.9642     50.088       7127          3  0.000e+00
          3     49.623     0.6986     2.4934     2.5752     -0.083  29.645579  29.643427     3.4611     3.4611     0.9642     50.088       7128          3  0.000e+00
          3     49.623     0.7108     2.4934     2.5752     -0.072  29.645307  29.643543     3.4607     3.4611     0.9642     50.088       7129          3  0.000e+00
          3     49.623     0.6986     2.4934     2.5752     -0.063  29.645362  29.643078     3.4609     3.4611     0.9642     50.088       7130          3  0.000e+00
          3     49.666     0.6986     2.4934     2.5752     -0.054  29.645470  29.643136     3.4608     3.4609     0.9642     50.131       7131          3  0.000e+00
          3     49.635     0.6986     2.4934     2.5740     -0.045  29.645633  29.643252     3.4609     3.4612     0.9642     50.100       7132          3  0.000e+00
          3     49.666     0.6986     2.4934     2.5752     -0.035  29.645742  29.643427     3.4609     3.4611     0.9642     50.131       7133          3  0.000e+00
          3     49.666     0.6986     2.4934     2.5752     -0.025  29.645525  29.643311     3.4612     3.4611     0.9642     50.131       7134          3  0.000e+00
          3     49.715     0.6986     2.4934     2.5752     -0.013  29.645471  29.643253     3.4610     3.4611     0.9642     50.181       7135          3  0.000e+00
          3     49.666     0.6742     2.4934     2.5752     -0.003  29.645253  29.643427     3.4612     3.4611     0.9642     50.131       7136          3  0.000e+00
          3     49.715     0.6986     2.4934     2.5752      0.006  29.645199  29.643543     3.4610     3.4611     0.9581     50.181       7137          3  0.000e+00
          3     49.728     0.6986     2.4934     2.5752      0.020  29.644981  29.643543     3.4610     3.4609     0.9642     50.194       7138          3  0.000e+00
          3     49.715     0.6986     2.4934     2.5752      0.029  29.645307  29.643543     3.4612     3.4611     0.9642     50.181       7139          3  0.000e+00
          3     49.758     0.6742     2.4934     2.5752      0.039  29.645471  29.643717     3.4613     3.4612     0.9642     50.225       7140          3  0.000e+00
          3     49.758     0.6986     2.4934     2.5752      0.051  29.645634  29.643369     3.4609     3.4614     0.9642     50.225       7141          3  0.000e+00
          3     49.801     0.6986     2.4922     2.5752      0.064  29.645743  29.643253     3.4609     3.4614     0.9642     50.268       7142          3  0.000e+00
          3     49.801     0.6742     2.4922     2.5752      0.075  29.645906  29.643427     3.4610     3.4619     0.9459     50.268       7143          3  0.000e+00
          3     49.771     0.6742     2.4922     2.5752      0.087  29.645797  29.643311     3.4609     3.4614     0.9215     50.237       7144          3  0.000e+00
          3     49.851     0.6742     2.4922     2.5752      0.100  29.645906  29.643427     3.4612     3.4617     0.9154     50.318       7145          3  0.000e+00
          3     49.851     0.6619     2.4922     2.5752      0.110  29.645797  29.643311     3.4610     3.4617     0.9215     50.318       7146          3  0.000e+00
          3     49.851     0.6742     2.4922     2.5752      0.122  29.645906  29.643253     3.4606     3.4616     0.9215     50.318       7147          3  0.000e+00
          3     49.894     0.6742     2.4922     2.5752      0.136  29.645797  29.643253     3.4607     3.4616     0.9215     50.361       7148          3  0.000e+00
          3     49.894     0.6742     2.4934     2.5752      0.143  29.645906  29.643253     3.4607     3.4619     0.9215     50.361       7149          3  0.000e+00
          3     49.906     0.6742     2.4922     2.5752      0.159  29.646015  29.643253     3.4606     3.4619     0.9215     50.374       7150          3  0.000e+00
          3     49.937     0.6742     2.4922     2.5752      0.171  29.646015  29.643427     3.4607     3.4617     0.9215     50.405       7151          3  0.000e+00
          3     49.937     0.6742     2.4922     2.5752      0.182  29.646015  29.643311     3.4607     3.4620     0.9215     50.405       7152          3  0.000e+00
          3     49.986     0.6742     2.4922     2.5752      0.198  29.646395  29.643428     3.4606     3.4620     0.9215     50.454       7153          3  0.000e+00
          4     39.142     0.7230     2.4983     2.5825     -0.910  29.663484  29.660757     3.4874     3.4879     0.8055     39.508       8427          4  0.000e+00
          4     39.099     0.7230     2.5007     2.5825     -0.904  29.663593  29.660931     3.4871     3.4881     0.8055     39.464       8428          4  0.000e+00
          4     39.099     0.7230     2.4995     2.5838     -0.894  29.663158  29.661396     3.4874     3.4881     0.8055     39.464       8429          4  0.000e+00
          4     39.099     0.7230     2.4995     2.5825     -0.882  29.663430  29.661105     3.4877     3.4883     0.8055     39.464       8430          4  0.000e+00
          4     39.049     0.7230     2.5007     2.5825     -0.869  29.663756  29.660989     3.4878     3.4884     0.8055     39.414       8431          4  0.000e+00
          4     39.056     0.7230     2.5007     2.5825     -0.857  29.663647  29.661395     3.4876     3.4884     0.8055     39.421       8432          4  0.000e+00
          4     39.099     0.7230     2.5007     2.5825     -0.839  29.663593  29.661512     3.4876     3.4883     0.8055     39.464       8433          4  0.000e+00
          4     39.013     0.7230     2.4995     2.5825     -0.824  29.663756  29.661163     3.4876     3.4881     0.8055     39.377       8434          4  0.000e+00
          4     39.049     0.7230     2.5007     2.5825     -0.806  29.663865  29.661047     3.4878     3.4883     0.8055     39.414       8435          4  0.000e+00
          4     39.049     0.7230     2.4995     2.5825     -0.787  29.663647  29.661395     3.4877     3.4882     0.8055     39.414       8436          4  0.000e+00
          4     39.013     0.7230     2.5007     2.5825     -0.766  29.663593  29.661163     3.4881     3.4879     0.8055     39.377       8437          4  0.000e+00
          4     39.049     0.7230     2.4995     2.5825     -0.749  29.663593  29.661221     3.4878     3.4883     0.8055     39.414       8438          4  0.000e+00
          4     39.013     0.7230     2.4983     2.5850     -0.727  29.663593  29.661686     3.4879     3.4881     0.8055     39.377       8439          4  0.000e+00
          4     39.049     0.7230     2.4983     2.5838     -0.704  29.663593  29.661453     3.4882     3.4881     0.8055     39.414       8440          4  0.000e+00
          4     39.056     0.7230     2.5019     2.5838     -0.678  29.663593  29.661686     3.4881     3.4881     0.8055     39.421       8441          4  0.000e+00
          4     39.049     0.7230     2.5007     2.5838     -0.652  29.663593  29.662034     3.4883     3.4883     0.8055     39.414       8442          4  0.000e+00
          4     39.099     0.7230     2.5019     2.5825     -0.623  29.663593  29.661686     3.4884     3.4879     0.8055     39.464       8443          4  0.000e+00
          4     39.049     0.7230     2.5007     2.5838     -0.597  29.663593  29.661570     3.4882     3.4879     0.8055     39.414       8444          4  0.000e+00
          4     39.099     0.7230     2.5007     2.5838     -0.567  29.663593  29.661744     3.4883     3.4883     0.8055     39.464       8445          4  0.000e+00
          4     39.099     0.7108     2.4983     2.5850     -0.539  29.663756  29.661802     3.4881     3.4883     0.8116     39.464       8446          4  0.000e+00
          4     39.142     0.7108     2.5007     2.5850     -0.507  29.663865  29.661454     3.4881     3.4884     0.8116     39.508       8447          4  0.000e+00
          4     39.099     0.7108     2.5007     2.5838     -0.478  29.663865  29.661686     3.4881     3.4888     0.8116     39.464       8448          4  0.000e+00
          4     39.185     0.7108     2.5007     2.5850     -0.445  29.664028  29.661628     3.4882     3.4887     0.8116     39.551       8449          4  0.000e+00
          4     39.148     0.7108     2.5007     2.5838     -0.412  29.664137  29.661570     3.4882     3.4888     0.8116     39.514       8450          4  0.000e+00
          4     39.185     0.7108     2.4995     2.5850     -0.380  29.663919  29.661744     3.4882     3.4884     0.8116     39.551       8451          4  0.000e+00
          4     39.240     0.7108     2.5007     2.5838     -0.346  29.664028  29.661802     3.4882     3.4883     0.8116     39.607       8452          4  0.000e+00
          4     39.234     0.7108     2.4995     2.5838     -0.311  29.663702  29.662267     3.4883     3.4884     0.8116     39.601       8453          4  0.000e+00
          4     39.283     0.7108     2.5019     2.5850     -0.274  29.663974  29.661919     3.4885     3.4886     0.8116     39.650       8454          4  0.000e+00
          4     39.234     0.7108     2.4995     2.5838     -0.241  29.664137  29.662035     3.4885     3.4884     0.8116     39.601       8455          4  0.000e+00
          4     39.320     0.7108     2.5007     2.5838     -0.205  29.664137  29.662151     3.4885     3.4886     0.8116     39.688       8456          4  0.000e+00
          4     39.326     0.7108     2.5007     2.5850     -0.170  29.664137  29.662093     3.4884     3.4881     0.8116     39.694       8457          4  0.000e+00
          4     39.369     0.7108     2.4995     2.5838     -0.132  29.663920  29.661919     3.4882     3.4884     0.8116     39.737       8458          4  0.000e+00
          4     39.376     0.7108     2.5007     2.5850     -0.098  29.664246  29.662035     3.4881     3.4883     0.8116     39.744       8459          4  0.000e+00
          4     39.412     0.7108     2.5007     2.5838     -0.062  29.663974  29.662093     3.4879     3.4881     0.8055     39.781       8460          4  0.000e+00
          4     39.462     0.7108     2.5007     2.5850     -0.024  29.664029  29.661687     3.4882     3.4883     0.8116     39.831       8461          4  0.000e+00
          4     39.456     0.7108     2.5019     2.5850      0.010  29.664138  29.661571     3.4879     3.4884     0.8116     39.824       8462          4  0.000e+00
          4     39.505     0.7108     2.5007     2.5850      0.045  29.663920  29.661919     3.4879     3.4884     0.8116     39.874       8463          4  0.000e+00
          4     39.554     0.7108     2.5007     2.5838      0.082  29.663649  29.662094     3.4881     3.4875     0.8116     39.924       8464          4  0.000e+00
          4     39.548     0.7108     2.5007     2.5850      0.115  29.663594  29.661920     3.4879     3.4875     0.8116     39.917       8465          4  0.000e+00
          4     39.597     0.7108     2.5007     2.5850      0.150  29.663377  29.662210     3.4881     3.4875     0.8116     39.967       8466          4  0.000e+00
          4     39.640     0.7108     2.4995     2.5838      0.185  29.663323  29.661978     3.4879     3.4875     0.8116     40.011       8467          4  0.000e+00
          4     39.597     0.7108     2.5019     2.5850      0.215  29.663486  29.662036     3.4877     3.4876     0.8116     39.967       8468          4  0.000e+00
          4     39.775     0.7108     2.4995     2.5850      0.252  29.663595  29.661688     3.4879     3.4876     0.8116     40.147       8469          4  0.000e+00
          4     39.689     0.7108     2.4995     2.5838      0.280  29.663595  29.661571     3.4876     3.4879     0.8116     40.060       8470          4  0.000e+00
          4     39.775     0.7352     2.5007     2.5838      0.311  29.663975  29.661746     3.4874     3.4881     0.7994     40.147       8471          4  0.000e+00
