staticdata/example_data/profile_data/ctd006.cnv
* Sea-Bird SBE 9 Data File:
* FileName = C:\Sea-Bird Data\2018\DY-18-05\CTD\CTD006.hex
* Software Version Seasave V 7.23.2
* Temperature SN = 4379
* Conductivity SN = 042985
* Number of Bytes Per Scan = 37
* Number of Voltage Words = 4
* Number of Scans Averaged by the Deck Unit = 1
* NMEA Latitude = 56 48.44 N
* NMEA Longitude = 164 34.81 W
* NMEA UTC (Time) = May 01 2018  15:29:11
* NMEA baud rate = 4800
# nquan = 23
# nvalues = 63                          
# units = specified
# name 0 = c0mS/cm: Conductivity [mS/cm]
# name 1 = c1mS/cm: Conductivity, 2 [mS/cm]
# name 2 = flECO-AFL: Fluorescence, WET Labs ECO-AFL/FL [mg/m^3]
# name 3 = sbeox0V: Oxygen raw, SBE 43 [V]
# name 4 = t090C: Temperature [ITS-90, deg C]
# name 5 = t190C: Temperature, 2 [ITS-90, deg C]
# name 6 = timeS: Time, Elapsed [seconds]
# name 7 = prDM: Pressure, Digiquartz [db]
# name 8 = sbeox1V: Oxygen raw, SBE 43, 2 [V]
# name 9 = par: PAR/Irradiance, Biospherical/Licor
# name 10 = turbWETntu0: Turbidity, WET Labs ECO [NTU]
# name 11 = sal00: Salinity, Practical [PSU]
# name 12 = sal11: Salinity, Practical, 2 [PSU]
# name 13 = sigma-t00: Density [sigma-t, kg/m^3 ]
# name 14 = sigma-t11: Density, 2 [sigma-t, kg/m^3 ]
# name 15 = sbeox0ML/L: Oxygen, SBE 43 [ml/l], WS = 2
# name 16 = sbox0Mm/Kg: Oxygen, SBE 43 [umol/kg], WS = 2
# name 17 = sbeox0PS: Oxygen, SBE 43 [% saturation], WS = 2
# name 18 = sbeox1ML/L: Oxygen, SBE 43, 2 [ml/l], WS = 2
# name 19 = sbox1Mm/Kg: Oxygen, SBE 43, 2 [umol/kg], WS = 2
# name 20 = sbeox1PS: Oxygen, SBE 43, 2 [% saturation], WS = 2
# name 21 = nbin: number of scans per bin
# name 22 = flag: flag
# span 0 =  29.515448,  29.562186       
# span 1 =  29.517738,  29.564411       
# span 2 =     0.6270,     1.1717       
# span 3 =     2.4832,     2.5233       
# span 4 =     3.3306,     3.4123       
# span 5 =     3.3307,     3.4129       
# span 6 =     51.945,    274.537       
# span 7 =      5.000,     67.000       
# span 8 =     2.5604,     2.6097       
# span 9 = 2.1007e-01, 1.0013e+01       
# span 10 =     0.5386,     1.3622      
# span 11 =    32.0170,    32.0311      
# span 12 =    32.0193,    32.0335      
# span 13 =    25.4692,    25.4868      
# span 14 =    25.4711,    25.4886      
# span 15 =     7.3006,     7.3926      
# span 16 =    317.941,    321.952      
# span 17 =     97.172,     98.550      
# span 18 =     7.2722,     7.3768      
# span 19 =    316.703,    321.267      
# span 20 =     96.791,     98.349      
# span 21 =          9,         68      
# span 22 = 0.0000e+00, 0.0000e+00      
# interval = decibars: 1                
# start_time = May 01 2018 15:29:11 [NMEA time, header]
# bad_flag = -9.990e-29
*END*
  29.546825  29.547198     1.0991     2.5216     3.4053     3.4036     51.945      5.000     2.6097 1.0013e+01     0.5674    32.0173    32.0195    25.4695    25.4714     7.3857    321.654     98.468     7.3725    321.076     98.288         14 0.0000e+00
  29.544030  29.546447     1.1253     2.5233     3.4015     3.4020     52.997      6.000     2.6088 8.0913e+00     0.5674    32.0172    32.0197    25.4697    25.4716     7.3926    321.952     98.550     7.3627    320.651     98.155         26 0.0000e+00
  29.545099  29.547518     1.1323     2.5227     3.4025     3.4029     55.756      7.000     2.6077 6.4157e+00     0.5445    32.0170    32.0195    25.4695    25.4714     7.3854    321.641     98.457     7.3728    321.089     98.291         46 0.0000e+00
  29.545852  29.548318     1.1717     2.5222     3.4027     3.4033     60.018      8.000     2.6071 5.5718e+00     0.5611    32.0172    32.0196    25.4696    25.4714     7.3872    321.720     98.482     7.3595    320.510     98.114         25 0.0000e+00
  29.546778  29.548905     1.1520     2.5219     3.4033     3.4034     61.133      9.000     2.6059 4.6523e+00     0.5526    32.0172    32.0196    25.4696    25.4715     7.3827    321.524     98.423     7.3626    320.645     98.156         32 0.0000e+00
  29.547514  29.549675     1.1336     2.5223     3.4039     3.4041     64.572     10.000     2.6077 3.8091e+00     0.5392    32.0170    32.0194    25.4694    25.4712     7.3858    321.657     98.465     7.3762    321.241     98.340         68 0.0000e+00
  29.548605  29.550348     1.1273     2.5216     3.4046     3.4044     68.460     11.000     2.6079 3.0910e+00     0.5419    32.0170    32.0193    25.4693    25.4712     7.3822    321.498     98.418     7.3768    321.267     98.349         65 0.0000e+00
  29.550559  29.552263     1.1339     2.5214     3.4064     3.4060     70.980     12.000     2.6084 2.7527e+00     0.5402    32.0171    32.0195    25.4692    25.4712     7.3841    321.583     98.448     7.3671    320.843     98.223         48 0.0000e+00
  29.549998  29.552035     1.1097     2.5211     3.4051     3.4051     72.800     13.000     2.6062 2.4227e+00     0.5490    32.0172    32.0197    25.4695    25.4714     7.3822    321.501     98.420     7.3625    320.642     98.159         38 0.0000e+00
  29.551586  29.553244     1.1009     2.5207     3.4063     3.4060     75.764     14.000     2.6054 1.9682e+00     0.5527    32.0174    32.0197    25.4695    25.4713     7.3831    321.540     98.435     7.3621    320.624     98.156         54 0.0000e+00
  29.551580  29.554141     1.1244     2.5204     3.4060     3.4067     79.976     15.000     2.6045 1.6556e+00     0.5386    32.0172    32.0196    25.4693    25.4711     7.3811    321.453     98.408     7.3645    320.730     98.190         63 0.0000e+00
  29.556313  29.558765     1.1090     2.5195     3.4107     3.4112     82.194     16.000     2.6044 1.5160e+00     0.5810    32.0177    32.0201    25.4693    25.4712     7.3746    321.168     98.332     7.3634    320.681     98.186         35 0.0000e+00
  29.557486  29.558617     1.1250     2.5190     3.4113     3.4105     83.508     17.000     2.6042 1.3143e+00     0.5652    32.0179    32.0201    25.4694    25.4713     7.3786    321.343     98.388     7.3652    320.759     98.208         36 0.0000e+00
  29.558711  29.561153     1.0733     2.5191     3.4123     3.4129     87.521     18.000     2.6043 1.0725e+00     0.5497    32.0179    32.0203    25.4693    25.4712     7.3795    321.382     98.402     7.3671    320.841     98.239         52 0.0000e+00
  29.559048  29.561058     1.0732     2.5189     3.4123     3.4123     91.271     19.000     2.6048 9.3273e-01     0.5606    32.0178    32.0202    25.4693    25.4712     7.3796    321.387     98.403     7.3695    320.948     98.270         49 0.0000e+00
  29.559224  29.561435     1.0816     2.5183     3.4114     3.4113     93.220     20.000     2.6047 8.8571e-01     0.5591    32.0184    32.0211    25.4698    25.4720     7.3792    321.369     98.396     7.3681    320.887     98.250         37 0.0000e+00
  29.559666  29.562046     1.0322     2.5188     3.4113     3.4117     94.784     21.000     2.6044 7.6624e-01     0.5641    32.0185    32.0210    25.4699    25.4718     7.3840    321.581     98.461     7.3671    320.841     98.237         41 0.0000e+00
  29.560583  29.562918     1.0315     2.5177     3.4119     3.4124    100.386     22.000     2.5999 6.6928e-01     0.5829    32.0185    32.0208    25.4698    25.4716     7.3796    321.387     98.403     7.3539    320.268     98.063         30 0.0000e+00
  29.560499  29.562454     1.0407     2.5176     3.4111     3.4113    101.839     23.000     2.5996 5.8695e-01     0.5797    32.0186    32.0208    25.4700    25.4717     7.3808    321.438     98.417     7.3548    320.306     98.072         31 0.0000e+00
  29.560778  29.562923     1.0450     2.5167     3.4112     3.4113    106.511     24.000     2.6029 5.0266e-01     0.5691    32.0183    32.0208    25.4698    25.4717     7.3717    321.042     98.295     7.3653    320.762     98.212         33 0.0000e+00
  29.561802  29.563807     1.0258     2.5148     3.4113     3.4115    108.715     25.000     2.6020 4.6242e-01     0.5761    32.0189    32.0212    25.4702    25.4720     7.3629    320.658     98.179     7.3397    319.650     97.872         29 0.0000e+00
  29.562186  29.564411     1.0248     2.5132     3.4092     3.4101    112.829     26.000     2.5968 3.9412e-01     0.5716    32.0209    32.0227    25.4720    25.4733     7.3674    320.857     98.236     7.3403    319.673     97.877         47 0.0000e+00
  29.557520  29.559352     1.0140     2.5118     3.4002     3.3999    116.717     27.000     2.5946 3.5861e-01     0.5946    32.0238    32.0262    25.4751    25.4771     7.3607    320.560     98.125     7.3413    319.717     97.868         28 0.0000e+00
  29.557057  29.559318     0.9853     2.5117     3.3989     3.3994    117.860     28.000     2.5941 3.2796e-01     0.5842    32.0239    32.0262    25.4753    25.4771     7.3651    320.753     98.182     7.3415    319.725     97.870         35 0.0000e+00
  29.552932  29.554878     0.9471     2.5087     3.3922     3.3922    123.231     29.000     2.5926 2.8787e-01     0.6393    32.0251    32.0275    25.4768    25.4787     7.3430    319.791     97.872     7.3443    319.846     97.890         44 0.0000e+00
  29.544312  29.547063     0.8988     2.5052     3.3796     3.3807    126.071     30.000     2.5913 2.6274e-01     0.6751    32.0268    32.0290    25.4793    25.4810     7.3368    319.523     97.760     7.3277    319.125     97.643         61 0.0000e+00
  29.539355  29.542106     0.8422     2.5044     3.3722     3.3733    128.608     31.000     2.5882 2.3201e-01     0.7037    32.0276    32.0298    25.4806    25.4823     7.3457    319.909     97.862     7.3156    318.597     97.465         63 0.0000e+00
  29.536351  29.536049     0.8581     2.5035     3.3670     3.3639    134.109     32.000     2.5848 2.2272e-01     0.7813    32.0287    32.0313    25.4820    25.4843     7.3317    319.299     97.663     7.3217    318.863     97.524         26 0.0000e+00
  29.529683  29.531342     0.8176     2.5018     3.3572     3.3567    134.925     33.000     2.5849 2.1317e-01     0.7964    32.0298    32.0323    25.4837    25.4858     7.3271    319.096     97.579     7.3239    318.957     97.537         24 0.0000e+00
  29.527394  29.529318     0.8108     2.4992     3.3537     3.3536    138.754     34.000     2.5846 2.1010e-01     0.8236    32.0300    32.0324    25.4842    25.4861     7.3288    319.172     97.594     7.3169    318.651     97.436         55 0.0000e+00
  29.525525  29.526296     0.7649     2.4970     3.3506     3.3492    142.547     35.000     2.5804 2.1013e-01     0.8857    32.0303    32.0326    25.4847    25.4867     7.3192    318.751     97.458     7.3019    318.000     97.226         55 0.0000e+00
  29.520753  29.522956     0.7629     2.4945     3.3440     3.3443    147.048     36.000     2.5800 2.1013e-01     0.8792    32.0306    32.0330    25.4855    25.4874     7.3160    318.612     97.399     7.3131    318.488     97.364         38 0.0000e+00
  29.520286  29.522180     0.7348     2.4946     3.3427     3.3426    147.941     37.000     2.5800 2.1013e-01     0.9491    32.0308    32.0332    25.4858    25.4877     7.3195    318.766     97.444     7.3126    318.464     97.353         27 0.0000e+00
  29.519870  29.521505     0.7291     2.4942     3.3415     3.3413    150.801     38.000     2.5798 2.1013e-01     0.9650    32.0309    32.0332    25.4860    25.4878     7.3191    318.747     97.435     7.3126    318.464     97.350         36 0.0000e+00
  29.519721  29.521970     0.7422     2.4936     3.3407     3.3410    155.519     39.000     2.5796 2.1013e-01     1.0446    32.0311    32.0334    25.4862    25.4880     7.3129    318.478     97.351     7.3135    318.505     97.362         16 0.0000e+00
  29.519584  29.521688     0.6923     2.4930     3.3401     3.3401    156.406     40.000     2.5797 2.1013e-01     1.0140    32.0310    32.0335    25.4862    25.4882     7.3088    318.301     97.295     7.3169    318.651     97.404         24 0.0000e+00
  29.518956  29.522355     0.7174     2.4916     3.3391     3.3409    163.096     41.000     2.5796 2.1012e-01     0.9328    32.0307    32.0329    25.4860    25.4877     7.3062    318.183     97.257     7.3161    318.617     97.396         59 0.0000e+00
  29.517847  29.520629     0.7108     2.4900     3.3370     3.3380    165.929     42.000     2.5766 2.1013e-01     0.9619    32.0309    32.0332    25.4864    25.4882     7.3040    318.091     97.224     7.2826    317.157     96.942         28 0.0000e+00
  29.517015  29.519465     0.7144     2.4896     3.3357     3.3363    167.736     43.000     2.5752 2.1012e-01     0.9812    32.0307    32.0330    25.4863    25.4881     7.3072    318.227     97.262     7.3006    317.941     97.178         48 0.0000e+00
  29.518570  29.521090     0.7325     2.4895     3.3371     3.3379    172.701     44.000     2.5751 2.1013e-01     1.0110    32.0306    32.0328    25.4862    25.4878     7.3095    318.331     97.297     7.3039    318.086     97.226         57 0.0000e+00
  29.518999  29.520475     0.6970     2.4898     3.3371     3.3365    176.269     45.000     2.5751 2.1011e-01     0.9684    32.0306    32.0330    25.4861    25.4881     7.3122    318.447     97.333     7.3053    318.144     97.240         59 0.0000e+00
  29.515448  29.517738     0.7292     2.4897     3.3324     3.3329    178.302     46.000     2.5751 2.1013e-01     0.9728    32.0305    32.0328    25.4865    25.4883     7.3104    318.366     97.297     7.3069    318.217     97.254         41 0.0000e+00
  29.516358  29.518834     0.7204     2.4892     3.3330     3.3337    181.263     47.000     2.5749 2.1013e-01     1.0235    32.0305    32.0327    25.4864    25.4881     7.3140    318.526     97.347     7.3013    317.972     97.181         52 0.0000e+00
  29.516789  29.518734     0.6843     2.4878     3.3327     3.3326    185.840     48.000     2.5707 2.1013e-01     1.0688    32.0308    32.0332    25.4867    25.4886     7.3082    318.274     97.269     7.2722    316.703     96.791         21 0.0000e+00
  29.516799  29.518840     0.6749     2.4878     3.3323     3.3324    186.784     49.000     2.5702 2.1012e-01     1.0683    32.0307    32.0330    25.4866    25.4885     7.3133    318.494     97.336     7.2899    317.475     97.026         26 0.0000e+00
  29.517331  29.519224     0.6897     2.4886     3.3325     3.3325    191.846     50.000     2.5702 2.1013e-01     1.0755    32.0306    32.0328    25.4865    25.4883     7.3150    318.568     97.359     7.2938    317.644     97.078         41 0.0000e+00
  29.517782  29.520330     0.6827     2.4885     3.3325     3.3332    194.581     51.000     2.5702 2.1012e-01     1.0997    32.0306    32.0329    25.4866    25.4883     7.3087    318.293     97.275     7.2945    317.677     97.090         36 0.0000e+00
  29.518662  29.520472     0.6940     2.4877     3.3330     3.3330    196.687     52.000     2.5702 2.1013e-01     1.0754    32.0306    32.0329    25.4865    25.4883     7.3095    318.331     97.288     7.2936    317.638     97.077         42 0.0000e+00
  29.518811  29.521060     0.6772     2.4871     3.3324     3.3328    202.184     53.000     2.5706 2.1013e-01     1.0257    32.0309    32.0332    25.4868    25.4886     7.3046    318.113     97.220     7.2890    317.436     97.015         23 0.0000e+00
  29.519483  29.521811     0.6862     2.4871     3.3328     3.3332    203.158     54.000     2.5711 2.1013e-01     1.0676    32.0308    32.0331    25.4866    25.4885     7.3111    318.398     97.308     7.3135    318.503     97.343         32 0.0000e+00
  29.520081  29.522077     0.7285     2.4873     3.3333     3.3334    206.720     55.000     2.5719 2.1013e-01     1.0583    32.0305    32.0328    25.4864    25.4882     7.3110    318.394     97.307     7.2976    317.811     97.131         64 0.0000e+00
  29.520335  29.522657     0.7161     2.4863     3.3331     3.3336    210.454     56.000     2.5700 2.1013e-01     1.0919    32.0305    32.0328    25.4864    25.4882     7.3063    318.190     97.244     7.2983    317.839     97.140         58 0.0000e+00
  29.521013  29.523255     0.7232     2.4860     3.3330     3.3335    214.043     57.000     2.5702 2.1013e-01     1.0648    32.0308    32.0331    25.4867    25.4885     7.3113    318.409     97.312     7.3015    317.982     97.184         22 0.0000e+00
  29.521680  29.524057     0.7065     2.4862     3.3332     3.3338    214.711     58.000     2.5703 2.1013e-01     1.1121    32.0309    32.0332    25.4867    25.4885     7.3108    318.385     97.305     7.3018    317.994     97.188         17 0.0000e+00
  29.522516  29.524639     0.6859     2.4859     3.3338     3.3341    215.859     59.000     2.5700 2.1013e-01     1.1270    32.0308    32.0331    25.4866    25.4884     7.3077    318.253     97.265     7.2937    317.639     97.080         35 0.0000e+00
  29.523570  29.525209     0.7303     2.4834     3.3346     3.3342    224.078     60.000     2.5701 2.1013e-01     1.1388    32.0308    32.0331    25.4865    25.4884     7.3006    317.941     97.172     7.3074    318.237     97.264         26 0.0000e+00
  29.523009  29.524824     0.7017     2.4834     3.3331     3.3332    224.610     61.000     2.5702 2.1013e-01     1.0698    32.0310    32.0332    25.4868    25.4886     7.3049    318.130     97.227     7.2984    317.845     97.141         20 0.0000e+00
  29.523224  29.525377     0.6869     2.4837     3.3330     3.3332    225.482     62.000     2.5690 2.1013e-01     1.0786    32.0309    32.0333    25.4868    25.4886     7.3111    318.400     97.309     7.2837    317.207     96.946         23 0.0000e+00
  29.523819  29.525642     0.6850     2.4839     3.3333     3.3333    228.841     63.000     2.5674 2.1013e-01     1.0648    32.0308    32.0330    25.4866    25.4884     7.3081    318.267     97.269     7.2841    317.224     96.952         41 0.0000e+00
  29.523032  29.524941     0.7038     2.4832     3.3319     3.3320    233.812     64.000     2.5693 2.1013e-01     1.0692    32.0307    32.0329    25.4867    25.4884     7.3091    318.310     97.278     7.2970    317.783     97.119         28 0.0000e+00
  29.523179  29.525250     0.6891     2.4837     3.3316     3.3319    235.046     65.000     2.5679 2.1013e-01     1.1109    32.0306    32.0329    25.4866    25.4884     7.3092    318.316     97.279     7.2946    317.681     97.088         32 0.0000e+00
  29.522976  29.525206     0.6870     2.4834     3.3311     3.3316    244.371     66.000     2.5659 2.1012e-01     1.1285    32.0304    32.0326    25.4865    25.4882     7.3095    318.329     97.282     7.2938    317.646     97.076         65 0.0000e+00
