staticdata/example_data/profile_data/CTD003.ros
* Sea-Bird SBE 9 Data File:
* FileName = C:\Sea-Bird Data\2018\DY-18-05\CTD\CTD003.hex
* Software Version Seasave V 7.23.2
* Temperature SN = 4379
* Conductivity SN = 042985
* Number of Bytes Per Scan = 37
* Number of Voltage Words = 4
* Number of Scans Averaged by the Deck Unit = 1
* NMEA Latitude = 56 40.21 N
* NMEA Longitude = 163 51.94 W
* NMEA UTC (Time) = May 01 2018  07:57:30
* NMEA baud rate = 4800
# nquan = 15
# nvalues = 343                                   
# units = specified
# name 0 = bpos: Bottle Position in Carousel
# name 1 = depSM: Depth [salt water, m]
# name 2 = flECO-AFL: Fluorescence, WET Labs ECO-AFL/FL [mg/m^3]
# name 3 = sbeox0V: Oxygen raw, SBE 43 [V]
# name 4 = sbeox1V: Oxygen raw, SBE 43, 2 [V]
# name 5 = dz/dtM: Descent Rate [m/s]
# name 6 = c1mS/cm: Conductivity, 2 [mS/cm]
# name 7 = c0mS/cm: Conductivity [mS/cm]
# name 8 = t090C: Temperature [ITS-90, deg C]
# name 9 = t190C: Temperature, 2 [ITS-90, deg C]
# name 10 = turbWETntu0: Turbidity, WET Labs ECO [NTU]
# name 11 = prDM: Pressure, Digiquartz [db]
# name 12 = scan: Scan Count
# name 13 = nbf: Bottles Fired
# name 14 = flag:  0.000e+00
# interval = seconds: 0.0416667
# start_time = May 01 2018 07:57:30 [NMEA time, header]
# bad_flag = -9.990e-29
*END*
[from data line 290]
          6     11.710     1.3213     2.1430     2.6278      0.547  29.702387  29.700869     3.5659     3.5656     0.4758     11.819      15124          6  0.000e+00
          6     11.710     1.3213     3.0515     2.6278      0.530  29.702115  29.700986     3.5659     3.5651     0.4758     11.819      15125          6  0.000e+00
          6     11.710     1.3213     1.8902     2.6278      0.508  29.702441  29.701044     3.5658     3.5646     0.4758     11.819      15126          6  0.000e+00
          6     11.710     1.3213     3.1211     2.6278      0.490  29.701734  29.700869     3.5658     3.5645     0.4758     11.819      15127          6  0.000e+00
          7      1.766     1.2847     2.8842     2.6290     -0.485  29.699421  29.697006     3.5662     3.5668     0.4331      1.782      16296          7  0.000e+00
          7      1.791     1.2847     2.2553     2.6290     -0.492  29.699638  29.697239     3.5662     3.5669     0.4331      1.807      16297          7  0.000e+00
          7      1.766     1.2847     2.5313     2.6290     -0.497  29.699530  29.697238     3.5659     3.5668     0.4392      1.782      16298          7  0.000e+00
          7      1.741     1.2847     2.6827     2.6290     -0.504  29.700182  29.697122     3.5662     3.5669     0.4331      1.757      16299          7  0.000e+00
          7      1.741     1.2847     2.1735     2.6290     -0.508  29.699965  29.696890     3.5662     3.5672     0.4331      1.757      16300          7  0.000e+00
          7      1.723     1.2847     3.0136     2.6290     -0.511  29.699801  29.697296     3.5664     3.5671     0.4331      1.739      16301          7  0.000e+00
          7      1.741     1.2847     1.9269     2.6302     -0.510  29.699965  29.697180     3.5661     3.5671     0.4392      1.757      16302          7  0.000e+00
          7      1.674     1.2847     3.1003     2.6302     -0.512  29.699856  29.697122     3.5662     3.5668     0.4392      1.689      16303          7  0.000e+00
          7      1.698     1.2847     1.9208     2.6302     -0.513  29.699801  29.697354     3.5662     3.5669     0.4331      1.714      16304          7  0.000e+00
          7      1.723     1.2847     2.9220     2.6290     -0.509  29.699801  29.697413     3.5661     3.5670     0.4331      1.739      16305          7  0.000e+00
          7      1.698     1.2847     2.2053     2.6290     -0.505  29.699856  29.697413     3.5661     3.5668     0.4392      1.714      16306          7  0.000e+00
          7      1.674     1.2847     2.5814     2.6302     -0.499  29.699584  29.697412     3.5661     3.5668     0.4392      1.689      16307          7  0.000e+00
          7      1.698     1.2847     2.6253     2.6302     -0.494  29.699910  29.697413     3.5660     3.5666     0.4392      1.714      16308          7  0.000e+00
          7      1.698     1.2847     2.2187     2.6302     -0.486  29.699856  29.697180     3.5662     3.5668     0.4331      1.714      16309          7  0.000e+00
          7      1.674     1.2847     2.9770     2.6302     -0.477  29.700182  29.697354     3.5661     3.5674     0.4392      1.689      16310          7  0.000e+00
          7      1.698     1.2847     1.9525     2.6302     -0.468  29.700508  29.697180     3.5661     3.5681     0.4392      1.714      16311          7  0.000e+00
          7      1.723     1.2847     3.1052     2.6302     -0.454  29.699965  29.697122     3.5661     3.5679     0.4331      1.739      16312          7  0.000e+00
          7      1.698     1.2847     1.9000     2.6302     -0.441  29.698931  29.697354     3.5661     3.5675     0.4392      1.714      16313          7  0.000e+00
          7      1.723     1.2847     2.9611     2.6290     -0.426  29.698170  29.697413     3.5662     3.5673     0.4392      1.739      16314          7  0.000e+00
          7      1.741     1.2847     2.1638     2.6302     -0.409  29.697245  29.697645     3.5662     3.5672     0.4392      1.757      16315          7  0.000e+00
          7      1.741     1.2847     2.6058     2.6302     -0.393  29.643258  29.697471     3.5662     3.5674     0.4392      1.757      16316          7  0.000e+00
          7      1.766     1.2602     2.6058     2.6302     -0.373  29.602995  29.697413     3.5661     3.5675     0.4453      1.782      16317          7  0.000e+00
          7      1.741     1.2480     2.2224     2.6302     -0.354  29.599736  29.697180     3.5659     3.5676     0.4697      1.757      16318          7  0.000e+00
          7      1.809     1.2480     2.9818     2.6302     -0.333  29.602561  29.697122     3.5662     3.5675     0.4758      1.826      16319          7  0.000e+00
          7      1.791     1.2358     1.9415     2.6302     -0.311  29.604027  29.697355     3.5661     3.5679     0.4758      1.807      16320          7  0.000e+00
          7      1.809     1.2480     3.1088     2.6302     -0.289  29.604570  29.697006     3.5659     3.5683     0.4758      1.826      16321          7  0.000e+00
          7      1.877     1.2480     1.9000     2.6302     -0.263  29.605277  29.697239     3.5662     3.5687     0.4758      1.894      16322          7  0.000e+00
          7      1.834     1.2480     2.9440     2.6302     -0.240  29.604842  29.697413     3.5661     3.5690     0.4697      1.851      16323          7  0.000e+00
          7      1.901     1.2480     2.1784     2.6302     -0.214  29.619511  29.697239     3.5661     3.5687     0.4758      1.919      16324          7  0.000e+00
          7      1.926     1.2480     2.5960     2.6302     -0.186  29.641301  29.697529     3.5662     3.5694     0.4758      1.944      16325          7  0.000e+00
          7      1.901     1.2480     2.6143     2.6302     -0.160  29.651682  29.697529     3.5666     3.5703     0.4758      1.919      16326          7  0.000e+00
          7      2.012     1.2480     2.2212     2.6302     -0.129  29.665055  29.697820     3.5664     3.5703     0.4758      2.030      16327          7  0.000e+00
          7      1.993     1.2480     2.9806     2.6302     -0.101  29.681964  29.698169     3.5666     3.5707     0.4697      2.012      16328          7  0.000e+00
          7      2.012     1.2480     1.9464     2.6302     -0.072  29.690828  29.698227     3.5669     3.5709     0.4758      2.030      16329          7  0.000e+00
          7      2.036     1.2480     3.1064     2.6302     -0.041  29.689632  29.698459     3.5670     3.5713     0.4758      2.055      16330          7  0.000e+00
          7      2.061     1.2480     1.9025     2.6302     -0.013  29.695777  29.698924     3.5677     3.5714     0.4758      2.080      16331          7  0.000e+00
          7      2.104     1.2480     2.9513     2.6302      0.018  29.696267  29.699099     3.5680     3.5713     0.4697      2.124      16332          7  0.000e+00
          7      2.129     1.2480     2.1638     2.6302      0.050  29.697899  29.699273     3.5680     3.5714     0.4697      2.148      16333          7  0.000e+00
          7      2.147     1.2358     2.6168     2.6302      0.080  29.694309  29.699563     3.5686     3.5713     0.4758      2.167      16334          7  0.000e+00
          7      2.172     1.2480     2.5887     2.6302      0.111  29.698769  29.699854     3.5690     3.5714     0.4758      2.192      16335          7  0.000e+00
          7      2.239     1.2480     2.2456     2.6302      0.141  29.701053  29.700145     3.5691     3.5714     0.4758      2.260      16336          7  0.000e+00
          7      2.239     1.2480     2.9599     2.6302      0.171  29.700129  29.700203     3.5696     3.5714     0.4758      2.260      16337          7  0.000e+00
          7      2.307     1.2480     1.9623     2.6302      0.204  29.698932  29.700784     3.5701     3.5713     0.4697      2.328      16338          7  0.000e+00
          7      2.332     1.2480     3.1101     2.6314      0.236  29.696594  29.701016     3.5699     3.5710     0.4758      2.353      16339          7  0.000e+00
          7      2.356     1.2480     1.8890     2.6302      0.265  29.698824  29.700842     3.5702     3.5711     0.4758      2.378      16340          7  0.000e+00
          7      2.375     1.2480     2.9648     2.6314      0.294  29.702033  29.701133     3.5704     3.5709     0.4697      2.397      16341          7  0.000e+00
          7      2.442     1.2480     2.1601     2.6314      0.326  29.702631  29.701540     3.5704     3.5708     0.4758      2.465      16342          7  0.000e+00
          7      2.418     1.2602     2.6021     2.6314      0.351  29.702142  29.701133     3.5707     3.5706     0.5002      2.440      16343          7  0.000e+00
          7      2.510     1.2602     2.6180     2.6314      0.382  29.702958  29.701482     3.5705     3.5706     0.5185      2.533      16344          7  0.000e+00
