staticdata/example_data/profile_data/CTD006.ros
* Sea-Bird SBE 9 Data File:
* FileName = C:\Sea-Bird Data\2018\DY-18-05\CTD\CTD006.hex
* Software Version Seasave V 7.23.2
* Temperature SN = 4379
* Conductivity SN = 042985
* Number of Bytes Per Scan = 37
* Number of Voltage Words = 4
* Number of Scans Averaged by the Deck Unit = 1
* NMEA Latitude = 56 48.44 N
* NMEA Longitude = 164 34.81 W
* NMEA UTC (Time) = May 01 2018  15:29:11
* NMEA baud rate = 4800
# nquan = 15
# nvalues = 343                                   
# units = specified
# name 0 = bpos: Bottle Position in Carousel
# name 1 = depSM: Depth [salt water, m]
# name 2 = flECO-AFL: Fluorescence, WET Labs ECO-AFL/FL [mg/m^3]
# name 3 = sbeox0V: Oxygen raw, SBE 43 [V]
# name 4 = sbeox1V: Oxygen raw, SBE 43, 2 [V]
# name 5 = dz/dtM: Descent Rate [m/s]
# name 6 = c1mS/cm: Conductivity, 2 [mS/cm]
# name 7 = c0mS/cm: Conductivity [mS/cm]
# name 8 = t090C: Temperature [ITS-90, deg C]
# name 9 = t190C: Temperature, 2 [ITS-90, deg C]
# name 10 = turbWETntu0: Turbidity, WET Labs ECO [NTU]
# name 11 = prDM: Pressure, Digiquartz [db]
# name 12 = scan: Scan Count
# name 13 = nbf: Bottles Fired
# name 14 = flag:  0.000e+00
# interval = seconds: 0.0416667
# start_time = May 01 2018 15:29:11 [NMEA time, header]
# bad_flag = -9.990e-29
*END*
[from data line 97]
          2     50.821     0.7230     2.4873     2.5728      0.018  29.522911  29.520616     3.3356     3.3359     1.0619     51.297       8085          2  0.000e+00
          3     40.247     0.7474     2.4910     2.5716     -0.093  29.521035  29.519774     3.3401     3.3396     0.9703     40.624       9752          3  0.000e+00
          3     40.254     0.7596     2.4910     2.5716     -0.064  29.521198  29.519542     3.3399     3.3399     0.9703     40.630       9753          3  0.000e+00
          3     40.247     0.7474     2.4922     2.5703     -0.037  29.521686  29.519658     3.3398     3.3399     0.9703     40.624       9754          3  0.000e+00
          3     40.247     0.7474     2.4922     2.5703     -0.011  29.521361  29.519542     3.3398     3.3398     0.9703     40.624       9755          3  0.000e+00
          3     40.346     0.7474     2.4922     2.5703      0.020  29.521686  29.519659     3.3399     3.3402     0.9703     40.723       9756          3  0.000e+00
          3     40.340     0.7596     2.4922     2.5703      0.048  29.521415  29.519717     3.3398     3.3402     0.9703     40.717       9757          3  0.000e+00
          3     40.389     0.7474     2.4910     2.5703      0.079  29.521632  29.519311     3.3393     3.3399     0.9703     40.767       9758          3  0.000e+00
          3     40.383     0.7596     2.4922     2.5703      0.106  29.521795  29.519195     3.3391     3.3402     0.9703     40.760       9759          3  0.000e+00
          3     40.530     0.7596     2.4922     2.5703      0.142  29.521796  29.518732     3.3383     3.3402     0.9703     40.910       9760          3  0.000e+00
          3     40.432     0.7474     2.4922     2.5703      0.168  29.521795  29.518616     3.3385     3.3399     0.9703     40.810       9761          3  0.000e+00
          3     40.518     0.7474     2.4922     2.5716      0.195  29.521633  29.518442     3.3385     3.3399     0.9703     40.897       9762          3  0.000e+00
          3     40.574     0.7596     2.4922     2.5716      0.228  29.521904  29.518964     3.3388     3.3399     0.9703     40.953       9763          3  0.000e+00
          3     40.610     0.7596     2.4922     2.5716      0.259  29.521253  29.518558     3.3383     3.3398     0.9703     40.990       9764          3  0.000e+00
          3     40.617     0.7596     2.4922     2.5716      0.287  29.521579  29.517920     3.3374     3.3398     0.9703     40.996       9765          3  0.000e+00
          3     40.703     0.7596     2.4910     2.5716      0.318  29.521796  29.517573     3.3371     3.3400     0.9703     41.083       9766          3  0.000e+00
          3     40.746     0.7474     2.4910     2.5703      0.348  29.521850  29.517689     3.3374     3.3399     0.9703     41.127       9767          3  0.000e+00
          3     40.752     0.7352     2.4910     2.5716      0.379  29.522013  29.517805     3.3369     3.3396     0.9703     41.133       9768          3  0.000e+00
          3     40.789     0.7230     2.4910     2.5703      0.408  29.521254  29.517573     3.3369     3.3398     0.9825     41.170       9769          3  0.000e+00
          3     40.844     0.7230     2.4910     2.5716      0.438  29.521851  29.517689     3.3370     3.3399     0.9825     41.226       9770          3  0.000e+00
          3     40.924     0.7230     2.4910     2.5703      0.468  29.521851  29.517574     3.3372     3.3396     0.9825     41.307       9771          3  0.000e+00
          3     40.924     0.7230     2.4910     2.5703      0.495  29.521634  29.517689     3.3371     3.3398     0.9825     41.307       9772          3  0.000e+00
          3     40.980     0.7108     2.4922     2.5703      0.524  29.521905  29.517574     3.3369     3.3396     0.9825     41.363       9773          3  0.000e+00
          3     41.060     0.7230     2.4910     2.5703      0.555  29.521472  29.517690     3.3371     3.3391     0.9825     41.444       9774          3  0.000e+00
          3     41.072     0.7230     2.4910     2.5703      0.583  29.520875  29.517574     3.3369     3.3387     0.9825     41.456       9775          3  0.000e+00
          3     41.152     0.7230     2.4910     2.5703      0.612  29.520658  29.517284     3.3369     3.3382     0.9825     41.537       9776          3  0.000e+00
          3     41.201     0.7230     2.4910     2.5703      0.642  29.520495  29.517400     3.3366     3.3382     0.9825     41.586       9777          3  0.000e+00
          3     41.207     0.7230     2.4922     2.5703      0.668  29.521038  29.517285     3.3364     3.3390     0.9825     41.593       9778          3  0.000e+00
          3     41.287     0.7108     2.4922     2.5703      0.695  29.521906  29.517227     3.3363     3.3395     0.9825     41.673       9779          3  0.000e+00
          3     41.343     0.7230     2.4922     2.5716      0.722  29.522286  29.517401     3.3361     3.3398     0.9825     41.729       9780          3  0.000e+00
          3     41.379     0.7230     2.4910     2.5728      0.748  29.521527  29.517517     3.3361     3.3392     0.9825     41.767       9781          3  0.000e+00
          3     41.472     0.7230     2.4922     2.5728      0.775  29.521093  29.517285     3.3362     3.3380     0.9825     41.860       9782          3  0.000e+00
          3     41.429     0.7230     2.4922     2.5728      0.797  29.520550  29.517053     3.3359     3.3376     0.9825     41.816       9783          3  0.000e+00
          3     41.558     0.7230     2.4922     2.5716      0.822  29.519791  29.517575     3.3359     3.3371     0.9825     41.947       9784          3  0.000e+00
          3     41.607     0.7230     2.4922     2.5728      0.848  29.520008  29.517344     3.3356     3.3368     0.9825     41.996       9785          3  0.000e+00
          3     41.613     0.7230     2.4922     2.5728      0.869  29.519900  29.517402     3.3362     3.3367     0.9825     42.003       9786          3  0.000e+00
          3     41.693     0.7230     2.4922     2.5716      0.893  29.520063  29.517924     3.3364     3.3366     0.9825     42.083       9787          3  0.000e+00
          3     41.749     0.7230     2.4922     2.5716      0.913  29.519683  29.518445     3.3371     3.3365     0.9825     42.139       9788          3  0.000e+00
          3     41.829     0.7230     2.4922     2.5728      0.936  29.519792  29.518620     3.3373     3.3366     0.9825     42.220       9789          3  0.000e+00
          3     41.829     0.7230     2.4922     2.5728      0.955  29.519900  29.518214     3.3374     3.3367     0.9825     42.220       9790          3  0.000e+00
          3     41.927     0.7230     2.4922     2.5728      0.977  29.520063  29.518446     3.3375     3.3368     0.9825     42.319       9791          3  0.000e+00
          3     41.964     0.7230     2.4922     2.5728      0.998  29.520389  29.518620     3.3374     3.3373     0.9825     42.357       9792          3  0.000e+00
          3     42.013     0.7230     2.4922     2.5728      1.016  29.520606  29.518620     3.3378     3.3376     0.9886     42.406       9793          3  0.000e+00
          3     42.112     0.6986     2.4910     2.5728      1.038  29.520498  29.518620     3.3372     3.3374     1.0314     42.506       9794          3  0.000e+00
          3     42.099     0.6986     2.4910     2.5728      1.055  29.520661  29.517983     3.3366     3.3377     1.0558     42.493       9795          3  0.000e+00
          3     42.112     0.6986     2.4910     2.5728      1.066  29.520661  29.517577     3.3361     3.3377     1.0558     42.506       9796          3  0.000e+00
          3     42.235     0.6986     2.4910     2.5728      1.083  29.520715  29.517519     3.3360     3.3371     1.0558     42.630       9797          3  0.000e+00
          3     42.235     0.7108     2.4910     2.5728      1.095  29.520661  29.517693     3.3359     3.3372     1.0497     42.630       9798          3  0.000e+00
          3     42.247     0.7108     2.4910     2.5728      1.105  29.520281  29.517577     3.3356     3.3370     1.0497     42.642       9799          3  0.000e+00
          3     42.327     0.6986     2.4910     2.5728      1.115  29.520173  29.517520     3.3361     3.3370     1.0497     42.723       9800          3  0.000e+00
          4     30.137     0.9184     2.5056     2.5875     -0.202  29.560678  29.558533     3.3993     3.3997     0.6651     30.419      11134          4  0.000e+00
          4     30.137     0.9184     2.5056     2.5875     -0.186  29.560624  29.558301     3.3993     3.3994     0.6651     30.419      11135          4  0.000e+00
          4     30.224     0.9184     2.5069     2.5875     -0.167  29.560679  29.558244     3.3990     3.3991     0.6651     30.505      11136          4  0.000e+00
          4     30.224     0.9184     2.5069     2.5875     -0.145  29.560516  29.558591     3.3993     3.3994     0.6651     30.505      11137          4  0.000e+00
          4     30.180     0.9184     2.5069     2.5875     -0.127  29.560407  29.558533     3.3993     3.3991     0.6651     30.462      11138          4  0.000e+00
          4     30.273     0.9184     2.5056     2.5875     -0.106  29.560190  29.558650     3.3993     3.3991     0.6651     30.555      11139          4  0.000e+00
          4     30.224     0.9184     2.5056     2.5875     -0.088  29.560516  29.558359     3.3993     3.3992     0.6651     30.505      11140          4  0.000e+00
          4     30.273     0.9184     2.5056     2.5875     -0.066  29.560299  29.558418     3.3990     3.3989     0.6651     30.555      11141          4  0.000e+00
          4     30.316     0.9184     2.5069     2.5875     -0.044  29.560353  29.558302     3.3991     3.3992     0.6651     30.599      11142          4  0.000e+00
          4     30.316     0.9184     2.5056     2.5875     -0.022  29.560407  29.558244     3.3987     3.3989     0.6651     30.599      11143          4  0.000e+00
          4     30.316     0.9184     2.5056     2.5875     -0.003  29.560462  29.558244     3.3986     3.3994     0.6651     30.599      11144          4  0.000e+00
          4     30.408     0.9184     2.5056     2.5875      0.022  29.560842  29.558418     3.3985     3.3997     0.6651     30.692      11145          4  0.000e+00
          4     30.408     0.9184     2.5056     2.5875      0.047  29.560950  29.558302     3.3983     3.4000     0.6651     30.692      11146          4  0.000e+00
          4     30.408     0.9184     2.5056     2.5887      0.071  29.560733  29.558418     3.3987     3.3995     0.7078     30.692      11147          4  0.000e+00
          4     30.451     0.9306     2.5056     2.5875      0.092  29.560734  29.558476     3.3987     3.3992     0.7322     30.735      11148          4  0.000e+00
          4     30.451     0.9306     2.5069     2.5887      0.115  29.560462  29.558476     3.3985     3.3994     0.7322     30.735      11149          4  0.000e+00
          4     30.494     0.9306     2.5069     2.5887      0.138  29.560408  29.558360     3.3985     3.3986     0.7322     30.779      11150          4  0.000e+00
          4     30.543     0.9306     2.5056     2.5887      0.163  29.560028  29.558012     3.3985     3.3978     0.7322     30.828      11151          4  0.000e+00
          4     30.543     0.9306     2.5069     2.5887      0.187  29.558997  29.558129     3.3982     3.3959     0.7322     30.828      11152          4  0.000e+00
          4     30.630     0.9306     2.5056     2.5887      0.212  29.557260  29.558013     3.3980     3.3930     0.7322     30.915      11153          4  0.000e+00
          4     30.587     0.9306     2.5069     2.5887      0.234  29.556011  29.557723     3.3974     3.3917     0.7322     30.872      11154          4  0.000e+00
          4     30.679     0.9306     2.5056     2.5887      0.261  29.555577  29.557433     3.3971     3.3917     0.7322     30.965      11155          4  0.000e+00
          4     30.679     0.9306     2.5056     2.5887      0.283  29.555686  29.557201     3.3968     3.3910     0.7322     30.965      11156          4  0.000e+00
          4     30.722     0.9306     2.5056     2.5887      0.307  29.555306  29.556447     3.3955     3.3905     0.7322     31.008      11157          4  0.000e+00
          4     30.765     0.9306     2.5056     2.5899      0.332  29.555035  29.555056     3.3934     3.3902     0.7322     31.052      11158          4  0.000e+00
          4     30.765     0.9306     2.5056     2.5887      0.355  29.555143  29.553954     3.3922     3.3907     0.7322     31.052      11159          4  0.000e+00
          4     30.857     0.9306     2.5069     2.5899      0.380  29.555361  29.553548     3.3910     3.3911     0.7322     31.145      11160          4  0.000e+00
          4     30.814     0.9306     2.5069     2.5899      0.399  29.555632  29.553316     3.3904     3.3918     0.7322     31.102      11161          4  0.000e+00
          4     30.900     0.9306     2.5069     2.5899      0.423  29.555958  29.553258     3.3901     3.3911     0.7322     31.189      11162          4  0.000e+00
          4     30.900     0.9306     2.5069     2.5899      0.444  29.555578  29.553026     3.3898     3.3907     0.7322     31.189      11163          4  0.000e+00
          4     30.993     0.9306     2.5069     2.5899      0.465  29.555253  29.552505     3.3896     3.3904     0.7322     31.282      11164          4  0.000e+00
          4     30.993     0.9306     2.5069     2.5899      0.488  29.555198  29.552389     3.3898     3.3902     0.7322     31.282      11165          4  0.000e+00
          4     31.036     0.9306     2.5069     2.5899      0.510  29.554981  29.552563     3.3895     3.3902     0.7322     31.325      11166          4  0.000e+00
          4     31.036     0.9306     2.5069     2.5899      0.528  29.554927  29.552853     3.3896     3.3899     0.7322     31.325      11167          4  0.000e+00
          4     31.128     0.9306     2.5069     2.5899      0.548  29.554927  29.552969     3.3898     3.3899     0.7322     31.418      11168          4  0.000e+00
          4     31.128     0.9306     2.5069     2.5899      0.569  29.555144  29.553143     3.3902     3.3901     0.7322     31.418      11169          4  0.000e+00
          4     31.171     0.9306     2.5069     2.5899      0.587  29.554982  29.553433     3.3902     3.3902     0.7322     31.462      11170          4  0.000e+00
          4     31.171     0.9306     2.5069     2.5899      0.602  29.555090  29.553665     3.3902     3.3902     0.7322     31.462      11171          4  0.000e+00
          4     31.220     0.9306     2.5069     2.5899      0.617  29.554819  29.553143     3.3899     3.3899     0.7200     31.511      11172          4  0.000e+00
          4     31.263     0.9306     2.5069     2.5899      0.632  29.554873  29.552737     3.3896     3.3904     0.6773     31.555      11173          4  0.000e+00
          4     31.306     0.9306     2.5069     2.5899      0.649  29.555308  29.552854     3.3895     3.3904     0.6651     31.598      11174          4  0.000e+00
          4     31.355     0.9306     2.5069     2.5899      0.663  29.555091  29.552970     3.3895     3.3904     0.6651     31.648      11175          4  0.000e+00
          4     31.355     0.9306     2.5069     2.5899      0.677  29.554331  29.553028     3.3898     3.3888     0.6651     31.648      11176          4  0.000e+00
          4     31.399     0.9306     2.5069     2.5899      0.690  29.553245  29.552970     3.3898     3.3872     0.6651     31.692      11177          4  0.000e+00
          4     31.442     0.9306     2.5069     2.5899      0.703  29.553408  29.552970     3.3899     3.3880     0.6651     31.735      11178          4  0.000e+00
