staticdata/example_data/profile_data/CTD001.ros
* Sea-Bird SBE 9 Data File:
* FileName = C:\Sea-Bird Data\2018\DY-18-05\CTD\CTD001.hex
* Software Version Seasave V 7.23.2
* Temperature SN = 4379
* Conductivity SN = 042985
* Number of Bytes Per Scan = 37
* Number of Voltage Words = 4
* Number of Scans Averaged by the Deck Unit = 1
* NMEA Latitude = 56 52.31 N
* NMEA Longitude = 164 03.02 W
* NMEA UTC (Time) = Apr 30 2018  19:11:51
* NMEA baud rate = 4800
# nquan = 15
# nvalues = 490                                   
# units = specified
# name 0 = bpos: Bottle Position in Carousel
# name 1 = depSM: Depth [salt water, m]
# name 2 = flECO-AFL: Fluorescence, WET Labs ECO-AFL/FL [mg/m^3]
# name 3 = sbeox0V: Oxygen raw, SBE 43 [V]
# name 4 = sbeox1V: Oxygen raw, SBE 43, 2 [V]
# name 5 = dz/dtM: Descent Rate [m/s]
# name 6 = c1mS/cm: Conductivity, 2 [mS/cm]
# name 7 = c0mS/cm: Conductivity [mS/cm]
# name 8 = t090C: Temperature [ITS-90, deg C]
# name 9 = t190C: Temperature, 2 [ITS-90, deg C]
# name 10 = turbWETntu0: Turbidity, WET Labs ECO [NTU]
# name 11 = prDM: Pressure, Digiquartz [db]
# name 12 = scan: Scan Count
# name 13 = nbf: Bottles Fired
# name 14 = flag:  0.000e+00
# interval = seconds: 0.0416667
# start_time = Apr 30 2018 19:11:51 [NMEA time, header]
# bad_flag = -9.990e-29
*END*
[from data line 386]
          8     14.225     0.7963     2.5204     2.6047      0.067  29.780585  29.779118     3.6323     3.6315     0.6406     14.357      30480          8  0.000e+00
          8     14.268     0.7963     2.5192     2.6059      0.079  29.780585  29.779409     3.6323     3.6313     0.6406     14.401      30481          8  0.000e+00
          8     14.268     0.7963     2.5192     2.6047      0.088  29.780422  29.779060     3.6321     3.6314     0.6406     14.401      30482          8  0.000e+00
          8     14.268     0.7963     2.5204     2.6059      0.099  29.780313  29.778944     3.6320     3.6315     0.6406     14.401      30483          8  0.000e+00
          8     14.317     0.7963     2.5204     2.6059      0.109  29.780749  29.778944     3.6320     3.6320     0.6406     14.451      30484          8  0.000e+00
          8     14.348     0.7963     2.5204     2.6059      0.119  29.780640  29.779119     3.6320     3.6320     0.6406     14.482      30485          8  0.000e+00
          9      8.530     0.7352     2.5192     2.6034     -1.142  29.766579  29.763808     3.6165     3.6182     0.6467      8.610      33186          9  0.000e+00
          9      8.500     0.7352     2.5192     2.6034     -1.123  29.767015  29.763866     3.6168     3.6185     0.6467      8.579      33187          9  0.000e+00
          9      8.457     0.7352     2.5192     2.6034     -1.104  29.767504  29.763866     3.6166     3.6187     0.6467      8.535      33188          9  0.000e+00
          9      8.500     0.7352     2.5192     2.6034     -1.080  29.767178  29.763866     3.6168     3.6193     0.6467      8.579      33189          9  0.000e+00
          9      8.487     0.7352     2.5192     2.6034     -1.055  29.767722  29.764041     3.6168     3.6193     0.6467      8.566      33190          9  0.000e+00
          9      8.457     0.7352     2.5192     2.6034     -1.031  29.767668  29.763924     3.6171     3.6193     0.6467      8.535      33191          9  0.000e+00
          9      8.500     0.7352     2.5192     2.6034     -1.003  29.767396  29.764041     3.6170     3.6188     0.6467      8.579      33192          9  0.000e+00
          9      8.500     0.7352     2.5204     2.6034     -0.972  29.767396  29.764157     3.6173     3.6188     0.6467      8.579      33193          9  0.000e+00
          9      8.438     0.7352     2.5204     2.6047     -0.945  29.767559  29.764331     3.6171     3.6188     0.6467      8.517      33194          9  0.000e+00
          9      8.500     0.7352     2.5204     2.6034     -0.914  29.767613  29.763983     3.6171     3.6188     0.6467      8.579      33195          9  0.000e+00
          9      8.500     0.7352     2.5204     2.6034     -0.881  29.767668  29.764273     3.6173     3.6191     0.6467      8.579      33196          9  0.000e+00
          9      8.500     0.7352     2.5192     2.6034     -0.848  29.767613  29.764448     3.6171     3.6188     0.6467      8.579      33197          9  0.000e+00
          9      8.530     0.7352     2.5192     2.6034     -0.811  29.767777  29.764622     3.6171     3.6194     0.6467      8.610      33198          9  0.000e+00
          9      8.549     0.7352     2.5192     2.6034     -0.773  29.767940  29.764506     3.6173     3.6196     0.6467      8.628      33199          9  0.000e+00
          9      8.549     0.7352     2.5192     2.6034     -0.736  29.767886  29.764622     3.6176     3.6194     0.6467      8.628      33200          9  0.000e+00
          9      8.592     0.7352     2.5192     2.6034     -0.695  29.767886  29.764448     3.6178     3.6199     0.6467      8.672      33201          9  0.000e+00
          9      8.592     0.7352     2.5180     2.6047     -0.655  29.767940  29.764623     3.6179     3.6193     0.6467      8.672      33202          9  0.000e+00
          9      8.666     0.7352     2.5180     2.6034     -0.609  29.768104  29.764681     3.6179     3.6193     0.6467      8.746      33203          9  0.000e+00
          9      8.635     0.7352     2.5180     2.6047     -0.567  29.767940  29.765088     3.6184     3.6198     0.6467      8.715      33204          9  0.000e+00
          9      8.727     0.7352     2.5192     2.6047     -0.518  29.768376  29.765263     3.6182     3.6201     0.6467      8.808      33205          9  0.000e+00
          9      8.684     0.7352     2.5192     2.6047     -0.474  29.768648  29.765262     3.6182     3.6207     0.6467      8.765      33206          9  0.000e+00
          9      8.758     0.7352     2.5192     2.6047     -0.427  29.768975  29.765088     3.6181     3.6212     0.6467      8.839      33207          9  0.000e+00
          9      8.819     0.7108     2.5192     2.6047     -0.377  29.769574  29.765030     3.6181     3.6220     0.6590      8.901      33208          9  0.000e+00
          9      8.819     0.6742     2.5192     2.6034     -0.328  29.770227  29.764972     3.6182     3.6224     0.6651      8.901      33209          9  0.000e+00
          9      8.863     0.6742     2.5192     2.6034     -0.278  29.770227  29.765147     3.6182     3.6221     0.6712      8.945      33210          9  0.000e+00
          9      8.893     0.6742     2.5192     2.6034     -0.229  29.769846  29.765030     3.6179     3.6217     0.6712      8.976      33211          9  0.000e+00
          9      8.955     0.6742     2.5192     2.6047     -0.179  29.769574  29.764798     3.6174     3.6215     0.6712      9.038      33212          9  0.000e+00
          9      8.998     0.6742     2.5204     2.6047     -0.129  29.769574  29.764042     3.6171     3.6217     0.6712      9.081      33213          9  0.000e+00
          9      8.998     0.6742     2.5204     2.6047     -0.080  29.769520  29.763868     3.6168     3.6215     0.6712      9.081      33214          9  0.000e+00
          9      9.090     0.6742     2.5192     2.6047     -0.028  29.768704  29.764275     3.6170     3.6205     0.6712      9.174      33215          9  0.000e+00
          9      9.115     0.6742     2.5192     2.6047      0.023  29.768105  29.765031     3.6181     3.6198     0.6712      9.199      33216          9  0.000e+00
          9      9.133     0.6742     2.5180     2.6047      0.072  29.768486  29.765438     3.6182     3.6198     0.6712      9.218      33217          9  0.000e+00
          9      9.225     0.6742     2.5180     2.6047      0.123  29.768486  29.765962     3.6186     3.6198     0.6712      9.311      33218          9  0.000e+00
          9      9.268     0.6742     2.5180     2.6047      0.174  29.768486  29.766078     3.6190     3.6198     0.6712      9.354      33219          9  0.000e+00
          9      9.299     0.6742     2.5192     2.6047      0.224  29.769248  29.766485     3.6194     3.6207     0.6712      9.385      33220          9  0.000e+00
          9      9.361     0.6742     2.5180     2.6047      0.273  29.769521  29.766427     3.6197     3.6209     0.6712      9.448      33221          9  0.000e+00
          9      9.404     0.6742     2.5192     2.6047      0.320  29.769358  29.766776     3.6195     3.6207     0.6712      9.491      33222          9  0.000e+00
          9      9.447     0.6742     2.5192     2.6047      0.370  29.769467  29.766486     3.6195     3.6207     0.6712      9.534      33223          9  0.000e+00
          9      9.496     0.6742     2.5192     2.6047      0.415  29.769521  29.766370     3.6195     3.6207     0.6712      9.584      33224          9  0.000e+00
          9      9.570     0.6742     2.5180     2.6047      0.463  29.769576  29.766544     3.6195     3.6209     0.6712      9.659      33225          9  0.000e+00
          9      9.582     0.6742     2.5192     2.6047      0.508  29.769739  29.766661     3.6195     3.6212     0.6712      9.671      33226          9  0.000e+00
          9      9.674     0.6742     2.5192     2.6047      0.553  29.770447  29.766661     3.6195     3.6221     0.6712      9.764      33227          9  0.000e+00
          9      9.717     0.6742     2.5192     2.6047      0.595  29.771155  29.766428     3.6195     3.6229     0.6712      9.807      33228          9  0.000e+00
          9      9.840     0.6742     2.5192     2.6047      0.641  29.771210  29.766371     3.6195     3.6228     0.6712      9.932      33229          9  0.000e+00
          9      9.767     0.6742     2.5204     2.6047      0.677  29.770665  29.766777     3.6198     3.6220     0.6712      9.857      33230          9  0.000e+00
          9      9.853     0.6742     2.5192     2.6047      0.714  29.770393  29.767359     3.6206     3.6213     0.6712      9.944      33231          9  0.000e+00
          9      9.945     0.6742     2.5192     2.6047      0.755  29.770393  29.768115     3.6214     3.6210     0.6712     10.037      33232          9  0.000e+00
          9      9.988     0.6864     2.5192     2.6047      0.793  29.770013  29.768522     3.6219     3.6213     0.6712     10.081      33233          9  0.000e+00
          9     10.068     0.7596     2.5192     2.6047      0.828  29.770013  29.768406     3.6213     3.6209     0.6651     10.161      33234          9  0.000e+00
         10      3.661     0.5521     2.5192     2.6083     -0.129  29.771736  29.769609     3.6261     3.6264     0.7261      3.695      35943         10  0.000e+00
         10      3.729     0.5521     2.5192     2.6083     -0.131  29.771790  29.769725     3.6262     3.6264     0.7261      3.763      35944         10  0.000e+00
         10      3.679     0.5521     2.5192     2.6083     -0.132  29.771736  29.769725     3.6262     3.6262     0.7261      3.714      35945         10  0.000e+00
         10      3.704     0.5521     2.5192     2.6071     -0.133  29.771518  29.769725     3.6262     3.6264     0.7261      3.738      35946         10  0.000e+00
         10      3.679     0.5521     2.5179     2.6083     -0.134  29.771736  29.769260     3.6258     3.6264     0.7261      3.714      35947         10  0.000e+00
         10      3.729     0.5521     2.5179     2.6083     -0.134  29.771518  29.769144     3.6262     3.6265     0.7261      3.763      35948         10  0.000e+00
         10      3.661     0.5521     2.5179     2.6083     -0.133  29.771464  29.769551     3.6259     3.6264     0.7261      3.695      35949         10  0.000e+00
         10      3.729     0.5521     2.5179     2.6083     -0.132  29.771736  29.769493     3.6260     3.6263     0.7261      3.763      35950         10  0.000e+00
         10      3.729     0.5521     2.5179     2.6083     -0.126  29.771518  29.769435     3.6261     3.6262     0.7261      3.763      35951         10  0.000e+00
         10      3.704     0.5521     2.5179     2.6071     -0.126  29.771627  29.769842     3.6264     3.6264     0.7261      3.738      35952         10  0.000e+00
         10      3.729     0.5521     2.5179     2.6071     -0.121  29.771790  29.769783     3.6264     3.6264     0.7261      3.763      35953         10  0.000e+00
         10      3.753     0.5521     2.5179     2.6071     -0.115  29.771736  29.769725     3.6262     3.6264     0.7261      3.788      35954         10  0.000e+00
         10      3.729     0.5521     2.5179     2.6071     -0.109  29.771790  29.769725     3.6262     3.6265     0.7261      3.763      35955         10  0.000e+00
         10      3.772     0.5521     2.5179     2.6083     -0.100  29.771736  29.769725     3.6264     3.6269     0.7261      3.807      35956         10  0.000e+00
         10      3.753     0.5521     2.5192     2.6083     -0.094  29.772117  29.769900     3.6266     3.6270     0.7261      3.788      35957         10  0.000e+00
         10      3.772     0.5521     2.5192     2.6071     -0.084  29.772335  29.769958     3.6264     3.6275     0.7261      3.807      35958         10  0.000e+00
         10      3.815     0.5521     2.5192     2.6083     -0.074  29.772281  29.770016     3.6267     3.6277     0.7261      3.850      35959         10  0.000e+00
         10      3.753     0.5521     2.5179     2.6071     -0.067  29.772879  29.769958     3.6266     3.6283     0.7261      3.788      35960         10  0.000e+00
         10      3.815     0.5521     2.5179     2.6071     -0.054  29.772934  29.769958     3.6267     3.6279     0.7261      3.850      35961         10  0.000e+00
         10      3.864     0.5521     2.5192     2.6071     -0.042  29.772825  29.769958     3.6267     3.6277     0.7261      3.900      35962         10  0.000e+00
         10      3.839     0.5521     2.5179     2.6071     -0.033  29.772172  29.770133     3.6269     3.6272     0.7261      3.875      35963         10  0.000e+00
         10      3.864     0.5154     2.5179     2.6071     -0.018  29.772063  29.770075     3.6266     3.6269     0.7383      3.900      35964         10  0.000e+00
         10      3.839     0.5032     2.5179     2.6071     -0.004  29.771627  29.769958     3.6269     3.6266     0.7444      3.875      35965         10  0.000e+00
         10      3.907     0.5032     2.5179     2.6071      0.012  29.772063  29.770133     3.6275     3.6267     0.7444      3.943      35966         10  0.000e+00
         10      3.864     0.5032     2.5179     2.6071      0.022  29.772117  29.770889     3.6283     3.6272     0.7444      3.900      35967         10  0.000e+00
         10      3.932     0.5032     2.5179     2.6071      0.037  29.772608  29.771121     3.6285     3.6272     0.7444      3.968      35968         10  0.000e+00
         10      3.907     0.5032     2.5192     2.6071      0.050  29.772063  29.771296     3.6281     3.6270     0.7444      3.943      35969         10  0.000e+00
         10      3.950     0.5032     2.5192     2.6071      0.065  29.772335  29.771587     3.6288     3.6273     0.7444      3.987      35970         10  0.000e+00
         10      3.975     0.5032     2.5192     2.6071      0.079  29.772553  29.772052     3.6292     3.6274     0.7444      4.011      35971         10  0.000e+00
         10      3.950     0.5032     2.5192     2.6071      0.093  29.773043  29.772226     3.6291     3.6281     0.7444      3.987      35972         10  0.000e+00
         10      3.999     0.5032     2.5179     2.6071      0.109  29.773098  29.771761     3.6285     3.6284     0.7444      4.036      35973         10  0.000e+00
         10      4.024     0.5032     2.5192     2.6071      0.124  29.773261  29.770773     3.6278     3.6286     0.7444      4.061      35974         10  0.000e+00
         10      3.999     0.5032     2.5192     2.6071      0.137  29.773424  29.770947     3.6273     3.6284     0.7444      4.036      35975         10  0.000e+00
         10      4.024     0.5032     2.5192     2.6071      0.149  29.773370  29.770424     3.6267     3.6288     0.7444      4.061      35976         10  0.000e+00
         10      4.085     0.5032     2.5192     2.6071      0.166  29.773751  29.770657     3.6271     3.6288     0.7444      4.123      35977         10  0.000e+00
         10      4.042     0.5032     2.5179     2.6071      0.176  29.773751  29.770831     3.6272     3.6289     0.7444      4.080      35978         10  0.000e+00
         10      4.067     0.5032     2.5192     2.6071      0.189  29.773642  29.770599     3.6267     3.6288     0.7444      4.105      35979         10  0.000e+00
         10      4.085     0.5032     2.5192     2.6071      0.201  29.773424  29.770133     3.6267     3.6285     0.7444      4.123      35980         10  0.000e+00
         10      4.134     0.5032     2.5179     2.6071      0.215  29.773860  29.770017     3.6262     3.6286     0.7444      4.173      35981         10  0.000e+00
         10      4.116     0.5032     2.5192     2.6071      0.225  29.773697  29.769785     3.6262     3.6289     0.7444      4.154      35982         10  0.000e+00
