staticdata/example_data/profile_data/ctd002.cnv
* Sea-Bird SBE 9 Data File:
* FileName = C:\Sea-Bird Data\2018\DY-18-05\CTD\CTD002.hex
* Software Version Seasave V 7.23.2
* Temperature SN = 4379
* Conductivity SN = 042985
* Number of Bytes Per Scan = 37
* Number of Voltage Words = 4
* Number of Scans Averaged by the Deck Unit = 1
* NMEA Latitude = 56 56.64 N
* NMEA Longitude = 163 49.70 W
* NMEA UTC (Time) = May 01 2018  03:54:36
* NMEA baud rate = 4800
# nquan = 23
# nvalues = 62                          
# units = specified
# name 0 = c0mS/cm: Conductivity [mS/cm]
# name 1 = c1mS/cm: Conductivity, 2 [mS/cm]
# name 2 = flECO-AFL: Fluorescence, WET Labs ECO-AFL/FL [mg/m^3]
# name 3 = sbeox0V: Oxygen raw, SBE 43 [V]
# name 4 = t090C: Temperature [ITS-90, deg C]
# name 5 = t190C: Temperature, 2 [ITS-90, deg C]
# name 6 = timeS: Time, Elapsed [seconds]
# name 7 = prDM: Pressure, Digiquartz [db]
# name 8 = sbeox1V: Oxygen raw, SBE 43, 2 [V]
# name 9 = par: PAR/Irradiance, Biospherical/Licor
# name 10 = turbWETntu0: Turbidity, WET Labs ECO [NTU]
# name 11 = sal00: Salinity, Practical [PSU]
# name 12 = sal11: Salinity, Practical, 2 [PSU]
# name 13 = sigma-t00: Density [sigma-t, kg/m^3 ]
# name 14 = sigma-t11: Density, 2 [sigma-t, kg/m^3 ]
# name 15 = sbeox0ML/L: Oxygen, SBE 43 [ml/l], WS = 2
# name 16 = sbox0Mm/Kg: Oxygen, SBE 43 [umol/kg], WS = 2
# name 17 = sbeox0PS: Oxygen, SBE 43 [% saturation], WS = 2
# name 18 = sbeox1ML/L: Oxygen, SBE 43, 2 [ml/l], WS = 2
# name 19 = sbox1Mm/Kg: Oxygen, SBE 43, 2 [umol/kg], WS = 2
# name 20 = sbeox1PS: Oxygen, SBE 43, 2 [% saturation], WS = 2
# name 21 = nbin: number of scans per bin
# name 22 = flag: flag
# span 0 =  29.129167,  29.255556       
# span 1 =  29.131233,  29.258335       
# span 2 =     0.9765,     1.5477       
# span 3 =     2.5156,     2.5608       
# span 4 =     2.9583,     3.1294       
# span 5 =     2.9584,     3.1300       
# span 6 =     42.195,    189.610       
# span 7 =      5.000,     66.000       
# span 8 =     2.5977,     2.6435       
# span 9 = 2.0993e-01, 1.9681e+02       
# span 10 =     0.5512,     2.4895      
# span 11 =    31.9332,    31.9348      
# span 12 =    31.9355,    31.9369      
# span 13 =    25.4268,    25.4420      
# span 14 =    25.4285,    25.4440      
# span 15 =     7.5021,     7.5944      
# span 16 =    326.729,    330.756      
# span 17 =     98.864,    100.504      
# span 18 =     7.4693,     7.5724      
# span 19 =    325.303,    329.797      
# span 20 =     98.434,    100.181      
# span 21 =          8,         53      
# span 22 = 0.0000e+00, 0.0000e+00      
# interval = decibars: 1                
# start_time = May 01 2018 03:54:36 [NMEA time, header]
# bad_flag = -9.990e-29
*END*
  29.248234  29.250220     1.0625     2.5605     3.1272     3.1271     42.195      5.000     2.6435 1.9681e+02     0.5919    31.9338    31.9362    25.4272    25.4292     7.5783    330.052    100.286     7.5526    328.934     99.948          8 0.0000e+00
  29.250052  29.251741     1.0663     2.5600     3.1289     3.1286     42.755      6.000     2.6435 1.6299e+02     0.5914    31.9337    31.9360    25.4271    25.4290     7.5851    330.350    100.381     7.5533    328.964     99.961         13 0.0000e+00
  29.250500  29.252750     1.1827     2.5608     3.1290     3.1293     43.330      7.000     2.6435 1.2303e+02     0.5752    31.9337    31.9360    25.4270    25.4289     7.5944    330.756    100.504     7.5541    329.000     99.973         13 0.0000e+00
  29.250538  29.252665     1.3822     2.5597     3.1288     3.1291     48.608      8.000     2.6435 8.8546e+01     0.5582    31.9333    31.9357    25.4268    25.4286     7.5820    330.214    100.339     7.5552    329.047     99.986         34 0.0000e+00
  29.251375  29.253623     1.4579     2.5596     3.1292     3.1296     50.379      9.000     2.6435 6.9726e+01     0.6052    31.9335    31.9357    25.4269    25.4286     7.5803    330.139    100.317     7.5552    329.046     99.988         29 0.0000e+00
  29.250075  29.252859     1.4439     2.5589     3.1270     3.1281     51.780     10.000     2.6431 5.9121e+01     0.5901    31.9335    31.9359    25.4271    25.4288     7.5793    330.098    100.299     7.5532    328.962     99.958         28 0.0000e+00
  29.241660  29.244839     1.4728     2.5591     3.1163     3.1180     53.599     11.000     2.6430 4.7633e+01     0.5662    31.9335    31.9357    25.4280    25.4296     7.5818    330.209    100.306     7.5581    329.172     99.997         46 0.0000e+00
  29.237118  29.239402     1.4845     2.5579     3.1105     3.1109     55.794     12.000     2.6426 4.6608e+01     0.5675    31.9332    31.9356    25.4282    25.4301     7.5783    330.052    100.244     7.5571    329.128     99.966         39 0.0000e+00
  29.240173  29.240950     1.5477     2.5571     3.1135     3.1122     57.074     13.000     2.6416 3.9611e+01     0.5867    31.9334    31.9356    25.4282    25.4300     7.5730    329.824    100.182     7.5456    328.630     99.818         22 0.0000e+00
  29.242461  29.244508     1.5337     2.5566     3.1155     3.1158     57.900     14.000     2.6410 3.2041e+01     0.6198    31.9336    31.9358    25.4281    25.4298     7.5775    330.020    100.247     7.5631    329.393    100.059         18 0.0000e+00
  29.245694  29.244707     1.4878     2.5568     3.1188     3.1154     58.628     15.000     2.6426 2.6225e+01     0.6490    31.9338    31.9359    25.4280    25.4300     7.5775    330.018    100.255     7.5724    329.797    100.181         18 0.0000e+00
  29.245817  29.246630     1.4630     2.5563     3.1185     3.1174     60.758     16.000     2.6428 2.1294e+01     0.5834    31.9336    31.9357    25.4279    25.4297     7.5751    329.916    100.223     7.5638    329.422    100.072         31 0.0000e+00
  29.252169  29.254810     1.4546     2.5570     3.1258     3.1268     64.939     17.000     2.6433 1.8726e+01     0.6044    31.9336    31.9358    25.4273    25.4289     7.5813    330.186    100.323     7.5674    329.578    100.142         22 0.0000e+00
  29.255556  29.257413     1.4673     2.5568     3.1294     3.1296     65.939     18.000     2.6435 1.5642e+01     0.6097    31.9336    31.9356    25.4269    25.4285     7.5789    330.079    100.300     7.5654    329.491    100.123         24 0.0000e+00
  29.253056  29.258335     1.4784     2.5564     3.1259     3.1300     66.917     19.000     2.6435 1.3313e+01     0.5801    31.9335    31.9359    25.4272    25.4287     7.5740    329.866    100.226     7.5635    329.409    100.099         23 0.0000e+00
  29.255177  29.256721     1.4406     2.5556     3.1278     3.1274     67.857     20.000     2.6429 1.1403e+01     0.5952    31.9336    31.9359    25.4271    25.4290     7.5706    329.719    100.186     7.5582    329.178    100.022         24 0.0000e+00
  29.245707  29.249183     1.4406     2.5546     3.1160     3.1178     69.578     21.000     2.6420 8.9859e+00     0.5738    31.9334    31.9358    25.4279    25.4297     7.5733    329.838    100.193     7.5642    329.440    100.078         48 0.0000e+00
  29.244607  29.246983     1.4283     2.5528     3.1141     3.1150     76.953     22.000     2.6381 8.7305e+00     0.5512    31.9335    31.9355    25.4281    25.4296     7.5678    329.596    100.115     7.5531    328.956     99.924         36 0.0000e+00
  29.237023  29.238292     1.3898     2.5522     3.1040     3.1030     77.687     23.000     2.6386 7.9928e+00     0.5863    31.9338    31.9363    25.4293    25.4314     7.5675    329.582    100.086     7.5582    329.179     99.963         17 0.0000e+00
  29.228269  29.230374     1.3976     2.5517     3.0925     3.0928     78.417     24.000     2.6386 6.7138e+00     0.5753    31.9341    31.9363    25.4304    25.4322     7.5742    329.877    100.147     7.5613    329.314     99.979         20 0.0000e+00
  29.224082  29.228979     1.3624     2.5517     3.0874     3.0911     80.142     25.000     2.6381 5.3154e+00     0.5710    31.9335    31.9358    25.4305    25.4320     7.5761    329.958    100.159     7.5604    329.273     99.962         32 0.0000e+00
  29.224176  29.225181     1.3429     2.5494     3.0865     3.0853     86.458     26.000     2.6336 5.2483e+00     0.5923    31.9340    31.9364    25.4309    25.4330     7.5691    329.655    100.065     7.5473    328.703     99.775         15 0.0000e+00
  29.218695  29.219728     1.3004     2.5495     3.0794     3.0781     86.907     27.000     2.6337 4.4311e+00     0.5862    31.9340    31.9364    25.4315    25.4336     7.5724    329.795    100.090     7.5502    328.828     99.795         15 0.0000e+00
  29.218102  29.220762     1.2833     2.5493     3.0783     3.0793     87.741     28.000     2.6337 3.6268e+00     0.5792    31.9338    31.9360    25.4314    25.4331     7.5686    329.629    100.037     7.5510    328.862     99.808         30 0.0000e+00
  29.205187  29.206751     1.3246     2.5472     3.0617     3.0612     91.964     29.000     2.6336 2.8295e+00     0.5668    31.9341    31.9365    25.4331    25.4351     7.5644    329.445     99.940     7.5536    328.978     99.799         31 0.0000e+00
  29.193469  29.194762     1.3395     2.5445     3.0474     3.0467     94.589     30.000     2.6317 2.4208e+00     0.5550    31.9336    31.9359    25.4339    25.4358     7.5460    328.648     99.662     7.5352    328.174     99.519         40 0.0000e+00
  29.167578  29.170449     1.3149     2.5412     3.0151     3.0159     96.278     31.000     2.6285 2.2655e+00     0.5663    31.9339    31.9366    25.4369    25.4389     7.5386    328.321     99.484     7.5425    328.491     99.540         29 0.0000e+00
  29.157138  29.162177     1.2151     2.5388     3.0015     3.0053     97.287     32.000     2.6282 1.9752e+00     0.5948    31.9342    31.9365    25.4383    25.4398     7.5253    327.741     99.275     7.5380    328.294     99.454         26 0.0000e+00
  29.149633  29.152250     1.1613     2.5360     2.9917     2.9925     98.326     33.000     2.6256 1.6250e+00     0.6652    31.9343    31.9367    25.4391    25.4410     7.5282    327.869     99.290     7.5233    327.654     99.229         23 0.0000e+00
  29.133427  29.134653     1.1388     2.5346     2.9715     2.9708     99.284     34.000     2.6240 1.3130e+00     0.7137    31.9342    31.9364    25.4408    25.4426     7.5332    328.088     99.307     7.5313    328.003     99.280         25 0.0000e+00
  29.143838  29.146224     1.0908     2.5313     2.9832     2.9839    106.263     35.000     2.6158 1.1312e+00     0.7575    31.9347    31.9368    25.4402    25.4418     7.5241    327.689     99.215     7.4944    326.396     98.827         28 0.0000e+00
  29.138912  29.139033     1.0757     2.5303     2.9765     2.9747    107.537     36.000     2.6140 9.9879e-01     0.7898    31.9348    31.9368    25.4408    25.4426     7.5221    327.602     99.172     7.5082    326.995     98.985         21 0.0000e+00
  29.132068  29.137089     1.0494     2.5299     2.9679     2.9717    108.273     37.000     2.6142 8.6375e-01     0.7595    31.9346    31.9369    25.4414    25.4429     7.5266    327.797     99.210     7.5137    327.235     99.051         17 0.0000e+00
  29.130096  29.132842     1.0189     2.5294     2.9652     2.9660    109.063     38.000     2.6142 7.2816e-01     0.8048    31.9344    31.9368    25.4414    25.4433     7.5281    327.864     99.223     7.5124    327.179     99.020         20 0.0000e+00
  29.129500  29.132298     1.0619     2.5276     2.9641     2.9653    112.805     39.000     2.6111 5.5814e-01     0.9572    31.9342    31.9364    25.4414    25.4431     7.5194    327.485     99.106     7.4842    325.952     98.646         33 0.0000e+00
  29.130587  29.131651     1.0580     2.5266     2.9646     2.9637    114.628     40.000     2.6093 4.6960e-01     1.0269    31.9344    31.9366    25.4416    25.4434     7.5208    327.546     99.126     7.4964    326.483     98.803         23 0.0000e+00
  29.129818  29.131901     1.0194     2.5265     2.9635     2.9636    115.774     41.000     2.6093 3.8166e-01     1.1007    31.9341    31.9365    25.4414    25.4433     7.5202    327.519     99.114     7.5016    326.708     98.871         35 0.0000e+00
  29.130239  29.132025     0.9923     2.5253     2.9635     2.9635    117.657     42.000     2.6093 3.1406e-01     1.0888    31.9341    31.9363    25.4413    25.4431     7.5127    327.192     99.016     7.5033    326.781     98.893         51 0.0000e+00
  29.130699  29.132030     0.9993     2.5238     2.9634     2.9627    119.485     43.000     2.6092 2.8462e-01     1.1037    31.9342    31.9365    25.4414    25.4433     7.5090    327.031     98.967     7.5027    326.759     98.884         38 0.0000e+00
  29.129240  29.131233     1.0538     2.5231     2.9612     2.9613    120.958     44.000     2.6090 2.5565e-01     1.1298    31.9341    31.9364    25.4415    25.4434     7.5070    326.944     98.935     7.5040    326.815     98.898         30 0.0000e+00
  29.129167  29.131550     0.9772     2.5220     2.9607     2.9613    122.700     45.000     2.6088 2.2067e-01     1.1485    31.9340    31.9362    25.4415    25.4433     7.5102    327.083     98.976     7.5013    326.697     98.862         35 0.0000e+00
  29.129470  29.131756     0.9900     2.5227     2.9602     2.9605    128.827     46.000     2.6055 2.0993e-01     1.3769    31.9343    31.9368    25.4418    25.4438     7.5166    327.363     99.060     7.4858    326.022     98.656         14 0.0000e+00
  29.130450  29.132418     0.9916     2.5234     2.9606     2.9606    131.059     47.000     2.6046 2.1013e-01     1.4421    31.9346    31.9369    25.4420    25.4439     7.5212    327.562     99.121     7.4983    326.566     98.821         11 0.0000e+00
  29.130549  29.132620     0.9765     2.5229     2.9603     2.9605    132.898     48.000     2.6057 2.1013e-01     1.4096    31.9345    31.9368    25.4420    25.4437     7.5185    327.445     99.084     7.5084    327.005     98.954         13 0.0000e+00
  29.130947  29.132683     1.0325     2.5198     2.9603     2.9601    140.765     49.000     2.6053 2.1013e-01     1.4815    31.9345    31.9368    25.4420    25.4438     7.5042    326.821     98.896     7.4891    326.163     98.698         14 0.0000e+00
  29.129846  29.132096     1.0402     2.5196     2.9586     2.9588    141.437     50.000     2.6044 2.1011e-01     1.4885    31.9343    31.9369    25.4419    25.4439     7.5073    326.958     98.933     7.4851    325.990     98.642         13 0.0000e+00
  29.130005  29.132310     1.0157     2.5201     2.9583     2.9585    141.967     51.000     2.6043 2.1013e-01     1.5041    31.9342    31.9368    25.4419    25.4440     7.5101    327.079     98.969     7.4910    326.245     98.719         12 0.0000e+00
  29.130726  29.132740     0.9920     2.5196     2.9585     2.9585    142.492     52.000     2.6039 2.1013e-01     1.5190    31.9344    31.9368    25.4420    25.4440     7.5121    327.165     98.995     7.4856    326.013     98.649         14 0.0000e+00
  29.130891  29.132929     0.9827     2.5198     2.9585     2.9584    146.017     53.000     2.6039 2.1012e-01     1.6507    31.9341    31.9366    25.4418    25.4438     7.5110    327.119     98.981     7.4876    326.097     98.674         16 0.0000e+00
  29.131705  29.134366     0.9854     2.5190     2.9587     2.9594    150.364     54.000     2.6034 2.1012e-01     1.7845    31.9343    31.9368    25.4419    25.4439     7.5037    326.802     98.886     7.4805    325.789     98.583         16 0.0000e+00
  29.131954  29.134129     0.9913     2.5189     2.9585     2.9588    151.238     55.000     2.6017 2.1013e-01     1.7960    31.9343    31.9367    25.4419    25.4438     7.5080    326.990     98.942     7.4693    325.303     98.434         20 0.0000e+00
  29.132352  29.134458     0.9924     2.5189     2.9586     2.9587    152.164     56.000     2.5999 2.1009e-01     1.7470    31.9341    31.9366    25.4418    25.4438     7.5112    327.128     98.984     7.4744    325.522     98.500         23 0.0000e+00
  29.132798  29.134943     1.0275     2.5190     2.9588     2.9588    153.127     57.000     2.5995 2.1012e-01     1.6665    31.9340    31.9365    25.4417    25.4437     7.5153    327.304     99.038     7.4821    325.859     98.603         23 0.0000e+00
  29.133145  29.135281     1.0040     2.5195     2.9588     2.9589    154.103     58.000     2.5994 2.1013e-01     1.7060    31.9339    31.9364    25.4416    25.4435     7.5176    327.408     99.069     7.4842    325.951     98.631         25 0.0000e+00
  29.133714  29.135801     1.0098     2.5186     2.9589     2.9590    157.514     59.000     2.5994 2.1011e-01     1.8467    31.9340    31.9363    25.4417    25.4436     7.5122    327.172     98.998     7.4853    326.000     98.646         31 0.0000e+00
  29.134113  29.136190     1.0275     2.5175     2.9585     2.9586    160.780     60.000     2.5995 2.1013e-01     1.7831    31.9343    31.9367    25.4419    25.4439     7.5073    326.958     98.933     7.4872    326.080     98.669         16 0.0000e+00
  29.134704  29.136660     1.0392     2.5174     2.9587     2.9587    161.483     61.000     2.5995 2.1013e-01     1.8758    31.9343    31.9366    25.4419    25.4438     7.5058    326.894     98.914     7.4871    326.080     98.669         18 0.0000e+00
  29.134999  29.137263     1.0323     2.5167     2.9588     2.9591    162.429     62.000     2.5993 2.1013e-01     1.7941    31.9341    31.9364    25.4417    25.4436     7.5021    326.729     98.864     7.4881    326.123     98.683         28 0.0000e+00
  29.135748  29.137669     1.0473     2.5161     2.9592     2.9594    165.396     63.000     2.5993 2.1013e-01     1.8426    31.9340    31.9361    25.4416    25.4433     7.5083    327.001     98.947     7.4821    325.858     98.603         44 0.0000e+00
  29.135987  29.137886     1.0441     2.5165     2.9591     2.9593    169.288     64.000     2.5977 2.1012e-01     1.9011    31.9339    31.9360    25.4415    25.4432     7.5105    327.097     98.976     7.4792    325.733     98.565         53 0.0000e+00
  29.136043  29.137856     1.0455     2.5156     2.9587     2.9585    179.978     65.000     2.5982 2.1013e-01     2.1528    31.9338    31.9362    25.4415    25.4434     7.5078    326.977     98.939     7.4840    325.942     98.627         38 0.0000e+00
  29.136537  29.138466     1.0708     2.5164     2.9585     2.9588    189.610     66.000     2.5991 2.1013e-01     2.4895    31.9341    31.9361    25.4418    25.4434     7.5141    327.252     99.022     7.4907    326.232     98.715         18 0.0000e+00
