staticdata/example_data/profile_data/ctd005.ros
* Sea-Bird SBE 9 Data File:
* FileName = C:\Sea-Bird Data\2018\DY-18-05\CTD\CTD005.hex
* Software Version Seasave V 7.23.2
* Temperature SN = 4379
* Conductivity SN = 042985
* Number of Bytes Per Scan = 37
* Number of Voltage Words = 4
* Number of Scans Averaged by the Deck Unit = 1
* NMEA Latitude = 56 46.21 N
* NMEA Longitude = 164 20.03 W
* NMEA UTC (Time) = May 01 2018  13:52:32
* NMEA baud rate = 4800
# nquan = 15
# nvalues = 392                                   
# units = specified
# name 0 = bpos: Bottle Position in Carousel
# name 1 = depSM: Depth [salt water, m]
# name 2 = flECO-AFL: Fluorescence, WET Labs ECO-AFL/FL [mg/m^3]
# name 3 = sbeox0V: Oxygen raw, SBE 43 [V]
# name 4 = sbeox1V: Oxygen raw, SBE 43, 2 [V]
# name 5 = dz/dtM: Descent Rate [m/s]
# name 6 = c1mS/cm: Conductivity, 2 [mS/cm]
# name 7 = c0mS/cm: Conductivity [mS/cm]
# name 8 = t090C: Temperature [ITS-90, deg C]
# name 9 = t190C: Temperature, 2 [ITS-90, deg C]
# name 10 = turbWETntu0: Turbidity, WET Labs ECO [NTU]
# name 11 = prDM: Pressure, Digiquartz [db]
# name 12 = scan: Scan Count
# name 13 = nbf: Bottles Fired
# name 14 = flag:  0.000e+00
# interval = seconds: 0.0416667
# start_time = May 01 2018 13:52:32 [NMEA time, header]
# bad_flag = -9.990e-29
*END*
[from data line 290]
          6     20.984     0.9061     2.5166     2.6009     -0.286  29.721887  29.719027     3.5661     3.5671     0.5552     21.179      11586          6  0.000e+00
          6     20.941     0.9061     2.5154     2.5997     -0.292  29.721669  29.719143     3.5664     3.5672     0.5552     21.136      11587          6  0.000e+00
          6     20.941     0.9061     2.5142     2.5997     -0.307  29.721615  29.718794     3.5662     3.5671     0.5552     21.136      11588          6  0.000e+00
          6     20.941     0.9061     2.5142     2.5997     -0.307  29.721615  29.719201     3.5662     3.5672     0.5552     21.136      11589          6  0.000e+00
          7     10.590     0.9306     2.5203     2.6021      0.099  29.717560  29.715278     3.5667     3.5677     0.5613     10.688      12870          7  0.000e+00
          7     10.516     0.9306     2.5215     2.6021      0.104  29.717451  29.715277     3.5669     3.5675     0.5552     10.613      12871          7  0.000e+00
          7     10.516     0.9306     2.5203     2.6021      0.108  29.717668  29.715045     3.5667     3.5673     0.5613     10.613      12872          7  0.000e+00
          7     10.559     0.9306     2.5203     2.6021      0.115  29.717723  29.714348     3.5669     3.5673     0.5613     10.657      12873          7  0.000e+00
          7     10.516     0.9306     2.5203     2.6021      0.119  29.717505  29.714987     3.5669     3.5679     0.5613     10.613      12874          7  0.000e+00
          7     10.547     0.9306     2.5203     2.6021      0.121  29.718049  29.715277     3.5669     3.5686     0.5613     10.644      12875          7  0.000e+00
          7     10.559     0.9306     2.5215     2.6021      0.126  29.718647  29.715045     3.5669     3.5695     0.5613     10.657      12876          7  0.000e+00
          7     10.559     0.9184     2.5215     2.6021      0.130  29.719409  29.715161     3.5670     3.5701     0.5613     10.657      12877          7  0.000e+00
          7     10.559     0.9306     2.5203     2.6021      0.134  29.720062  29.715277     3.5670     3.5703     0.5613     10.657      12878          7  0.000e+00
          7     10.608     0.9306     2.5203     2.6021      0.138  29.719953  29.715626     3.5670     3.5705     0.5613     10.706      12879          7  0.000e+00
          7     10.590     0.9306     2.5191     2.6021      0.143  29.720062  29.715394     3.5675     3.5706     0.5613     10.688      12880          7  0.000e+00
          7     10.559     0.9306     2.5191     2.6021      0.144  29.719953  29.716323     3.5678     3.5703     0.5613     10.657      12881          7  0.000e+00
          7     10.608     0.9306     2.5203     2.6021      0.145  29.719463  29.716033     3.5683     3.5700     0.5613     10.706      12882          7  0.000e+00
          7     10.608     0.9306     2.5203     2.6021      0.149  29.719355  29.716614     3.5688     3.5695     0.5613     10.706      12883          7  0.000e+00
          7     10.651     0.9306     2.5203     2.6021      0.155  29.719355  29.717370     3.5696     3.5691     0.5613     10.750      12884          7  0.000e+00
          7     10.590     0.9306     2.5203     2.6021      0.156  29.718919  29.717718     3.5702     3.5690     0.5613     10.688      12885          7  0.000e+00
          7     10.651     0.9306     2.5215     2.6021      0.159  29.719192  29.717951     3.5704     3.5691     0.5613     10.750      12886          7  0.000e+00
          7     10.651     0.9184     2.5215     2.6021      0.159  29.719137  29.718009     3.5705     3.5690     0.5613     10.750      12887          7  0.000e+00
          7     10.651     0.8939     2.5203     2.6021      0.162  29.719300  29.718009     3.5699     3.5693     0.5552     10.750      12888          7  0.000e+00
          7     10.651     0.8817     2.5203     2.6021      0.164  29.719355  29.717370     3.5696     3.5692     0.5491     10.750      12889          7  0.000e+00
          7     10.682     0.8817     2.5203     2.6021      0.168  29.719137  29.717195     3.5693     3.5690     0.5491     10.781      12890          7  0.000e+00
          7     10.651     0.8817     2.5203     2.6021      0.168  29.719083  29.717602     3.5691     3.5692     0.5491     10.750      12891          7  0.000e+00
          7     10.694     0.8817     2.5203     2.6033      0.170  29.719464  29.717137     3.5691     3.5691     0.5491     10.793      12892          7  0.000e+00
          7     10.651     0.8817     2.5203     2.6021      0.171  29.719028  29.716905     3.5690     3.5690     0.5491     10.750      12893          7  0.000e+00
          7     10.694     0.8817     2.5203     2.6021      0.172  29.719029  29.716905     3.5688     3.5691     0.5491     10.793      12894          7  0.000e+00
          7     10.725     0.8817     2.5203     2.6021      0.175  29.718865  29.716731     3.5688     3.5688     0.5491     10.824      12895          7  0.000e+00
          7     10.694     0.8817     2.5203     2.6021      0.173  29.718974  29.716672     3.5688     3.5687     0.5491     10.793      12896          7  0.000e+00
          7     10.694     0.8817     2.5203     2.6021      0.174  29.718648  29.716672     3.5688     3.5688     0.5491     10.793      12897          7  0.000e+00
          7     10.743     0.8817     2.5215     2.6021      0.176  29.718974  29.716847     3.5686     3.5692     0.5491     10.843      12898          7  0.000e+00
          7     10.743     0.8817     2.5215     2.6033      0.178  29.718865  29.716731     3.5686     3.5688     0.5491     10.843      12899          7  0.000e+00
          7     10.725     0.8817     2.5215     2.6033      0.179  29.718593  29.716847     3.5690     3.5686     0.5491     10.824      12900          7  0.000e+00
          7     10.743     0.8817     2.5215     2.6033      0.179  29.718920  29.716731     3.5686     3.5684     0.5491     10.843      12901          7  0.000e+00
          7     10.743     0.8817     2.5215     2.6033      0.178  29.718648  29.716847     3.5686     3.5681     0.5491     10.843      12902          7  0.000e+00
          7     10.786     0.8817     2.5203     2.6033      0.182  29.718376  29.716905     3.5690     3.5682     0.5491     10.886      12903          7  0.000e+00
          7     10.786     0.8817     2.5203     2.6033      0.182  29.718050  29.716731     3.5686     3.5681     0.5491     10.886      12904          7  0.000e+00
          7     10.774     0.8817     2.5203     2.6033      0.182  29.718158  29.716673     3.5686     3.5677     0.5491     10.874      12905          7  0.000e+00
          7     10.786     0.8817     2.5203     2.6033      0.182  29.718050  29.716847     3.5683     3.5676     0.5491     10.886      12906          7  0.000e+00
          7     10.786     0.8817     2.5203     2.6033      0.182  29.717995  29.716731     3.5685     3.5676     0.5491     10.886      12907          7  0.000e+00
          7     10.829     0.8817     2.5203     2.6033      0.186  29.717832  29.716440     3.5683     3.5679     0.5491     10.930      12908          7  0.000e+00
          7     10.786     0.8817     2.5203     2.6033      0.186  29.717941  29.716382     3.5683     3.5679     0.5491     10.886      12909          7  0.000e+00
          7     10.860     0.8817     2.5203     2.6033      0.188  29.718159  29.716208     3.5678     3.5683     0.5491     10.961      12910          7  0.000e+00
          7     10.829     0.8817     2.5203     2.6045      0.186  29.718431  29.716092     3.5674     3.5681     0.5491     10.930      12911          7  0.000e+00
          7     10.879     0.8817     2.5191     2.6033      0.190  29.718322  29.715918     3.5675     3.5681     0.5491     10.980      12912          7  0.000e+00
          7     10.879     0.8695     2.5191     2.6033      0.192  29.718485  29.716034     3.5675     3.5679     0.5552     10.980      12913          7  0.000e+00
          7     10.879     0.8573     2.5191     2.6045      0.195  29.718104  29.715685     3.5672     3.5681     0.5613     10.980      12914          7  0.000e+00
          7     10.909     0.8451     2.5191     2.6033      0.198  29.718159  29.715918     3.5675     3.5681     0.5613     11.011      12915          7  0.000e+00
          7     10.922     0.8451     2.5203     2.6033      0.203  29.718268  29.715918     3.5675     3.5681     0.5613     11.023      12916          7  0.000e+00
          7     10.965     0.8451     2.5203     2.6045      0.206  29.718268  29.716034     3.5675     3.5679     0.5613     11.066      12917          7  0.000e+00
          7     10.965     0.8451     2.5203     2.6033      0.206  29.718485  29.716092     3.5675     3.5681     0.5613     11.066      12918          7  0.000e+00
          8      1.739     0.9184     2.5215     2.6082      0.050  29.711605  29.709732     3.5648     3.5649     0.5857      1.755      14145          8  0.000e+00
          8      1.763     0.9184     2.5215     2.6082      0.022  29.711714  29.709848     3.5650     3.5651     0.5857      1.780      14146          8  0.000e+00
          8      1.739     0.9184     2.5215     2.6082     -0.007  29.711442  29.709964     3.5648     3.5651     0.5857      1.755      14147          8  0.000e+00
          8      1.671     0.9184     2.5203     2.6070     -0.036  29.711822  29.709964     3.5650     3.5651     0.5857      1.687      14148          8  0.000e+00
          8      1.628     0.9184     2.5203     2.6082     -0.069  29.711877  29.709499     3.5650     3.5651     0.5857      1.643      14149          8  0.000e+00
          8      1.653     0.9184     2.5215     2.6082     -0.096  29.711877  29.709208     3.5648     3.5649     0.5857      1.668      14150          8  0.000e+00
          8      1.585     0.9184     2.5215     2.6082     -0.128  29.711659  29.709731     3.5648     3.5652     0.5857      1.600      14151          8  0.000e+00
          8      1.560     0.9184     2.5215     2.6082     -0.159  29.711768  29.709324     3.5647     3.5653     0.5857      1.575      14152          8  0.000e+00
          8      1.493     0.9184     2.5203     2.6082     -0.193  29.711876  29.709324     3.5648     3.5654     0.5857      1.507      14153          8  0.000e+00
          8      1.468     0.9184     2.5215     2.6082     -0.224  29.711713  29.709208     3.5650     3.5651     0.5857      1.482      14154          8  0.000e+00
          8      1.450     0.9184     2.5215     2.6082     -0.256  29.711604  29.709498     3.5648     3.5654     0.5857      1.463      14155          8  0.000e+00
          8      1.382     0.9184     2.5203     2.6082     -0.288  29.711604  29.709440     3.5648     3.5653     0.5857      1.395      14156          8  0.000e+00
          8      1.358     0.9184     2.5215     2.6082     -0.321  29.711767  29.709207     3.5648     3.5652     0.5857      1.370      14157          8  0.000e+00
          8      1.315     0.9184     2.5215     2.6070     -0.353  29.711658  29.709149     3.5643     3.5654     0.5857      1.327      14158          8  0.000e+00
          8      1.247     0.9184     2.5215     2.6070     -0.384  29.711767  29.709323     3.5648     3.5653     0.5857      1.258      14159          8  0.000e+00
          8      1.222     0.9184     2.5203     2.6070     -0.416  29.711712  29.709207     3.5645     3.5652     0.5857      1.234      14160          8  0.000e+00
          8      1.198     0.9184     2.5203     2.6070     -0.447  29.711821  29.709323     3.5645     3.5653     0.5857      1.209      14161          8  0.000e+00
          8      1.179     0.9184     2.5203     2.6070     -0.476  29.711658  29.708974     3.5648     3.5652     0.5857      1.190      14162          8  0.000e+00
          8      1.112     0.9184     2.5203     2.6070     -0.503  29.711385  29.709439     3.5645     3.5653     0.5857      1.122      14163          8  0.000e+00
          8      1.087     0.9184     2.5203     2.6082     -0.531  29.711494  29.709439     3.5647     3.5654     0.5796      1.097      14164          8  0.000e+00
          8      1.062     0.9184     2.5203     2.6070     -0.556  29.711657  29.709381     3.5646     3.5651     0.5735      1.072      14165          8  0.000e+00
          8      0.995     0.9184     2.5203     2.6070     -0.584  29.711820  29.709381     3.5643     3.5652     0.5674      1.004      14166          8  0.000e+00
          8      0.976     0.9184     2.5203     2.6070     -0.606  29.711440  29.709381     3.5647     3.5651     0.5674      0.985      14167          8  0.000e+00
          8      0.952     0.9184     2.5203     2.6070     -0.630  29.711331  29.709206     3.5645     3.5652     0.5613      0.961      14168          8  0.000e+00
          8      0.952     0.9184     2.5215     2.6070     -0.649  29.711331  29.708916     3.5645     3.5653     0.5674      0.961      14169          8  0.000e+00
          8      0.927     0.9184     2.5215     2.6070     -0.663  29.711494  29.709206     3.5643     3.5652     0.5674      0.936      14170          8  0.000e+00
          8      0.860     0.9184     2.5203     2.6070     -0.682  29.711439  29.708974     3.5645     3.5651     0.5674      0.867      14171          8  0.000e+00
          8      0.841     0.9184     2.5203     2.6070     -0.697  29.711548  29.708857     3.5647     3.5654     0.5674      0.849      14172          8  0.000e+00
          8      0.816     0.9184     2.5203     2.6070     -0.713  29.711602  29.709438     3.5648     3.5654     0.5674      0.824      14173          8  0.000e+00
          8      0.792     0.9184     2.5203     2.6070     -0.725  29.711385  29.709032     3.5647     3.5654     0.5674      0.799      14174          8  0.000e+00
          8      0.816     0.9184     2.5203     2.6070     -0.735  29.711113  29.709206     3.5645     3.5651     0.5674      0.824      14175          8  0.000e+00
          8      0.749     0.9184     2.5203     2.6070     -0.742  29.711058  29.708973     3.5647     3.5652     0.5674      0.756      14176          8  0.000e+00
          8      0.724     0.9184     2.5203     2.6070     -0.752  29.711548  29.709031     3.5647     3.5655     0.5674      0.731      14177          8  0.000e+00
          8      0.706     0.9184     2.5203     2.6070     -0.757  29.711602  29.709147     3.5647     3.5654     0.5674      0.712      14178          8  0.000e+00
          8      0.724     0.9184     2.5215     2.6070     -0.760  29.711384  29.709322     3.5647     3.5652     0.5674      0.731      14179          8  0.000e+00
          8      0.657     0.9184     2.5227     2.6070     -0.764  29.711330  29.709205     3.5645     3.5651     0.5674      0.663      14180          8  0.000e+00
          8      0.681     0.9184     2.5215     2.6070     -0.765  29.711330  29.709147     3.5645     3.5654     0.5674      0.687      14181          8  0.000e+00
          8      0.638     0.9184     2.5215     2.6070     -0.765  29.711493  29.709147     3.5647     3.5651     0.5674      0.644      14182          8  0.000e+00
          8      0.657     0.9184     2.5215     2.6070     -0.762  29.711275  29.709147     3.5647     3.5652     0.5674      0.663      14183          8  0.000e+00
          8      0.638     0.9184     2.5215     2.6070     -0.758  29.711275  29.709147     3.5645     3.5651     0.5674      0.644      14184          8  0.000e+00
          8      0.614     0.9184     2.5215     2.6070     -0.753  29.711493  29.709147     3.5645     3.5651     0.5674      0.619      14185          8  0.000e+00
          8      0.589     0.9184     2.5203     2.6070     -0.749  29.711166  29.709147     3.5647     3.5649     0.5674      0.594      14186          8  0.000e+00
