staticdata/example_data/profile_data/ctd004.ros
* Sea-Bird SBE 9 Data File:
* FileName = C:\Sea-Bird Data\2018\DY-18-05\CTD\CTD004.hex
* Software Version Seasave V 7.23.2
* Temperature SN = 4379
* Conductivity SN = 042985
* Number of Bytes Per Scan = 37
* Number of Voltage Words = 4
* Number of Scans Averaged by the Deck Unit = 1
* NMEA Latitude = 57 01.08 N
* NMEA Longitude = 164 13.12 W
* NMEA UTC (Time) = May 01 2018  11:36:24
* NMEA baud rate = 4800
# nquan = 15
# nvalues = 392                                   
# units = specified
# name 0 = bpos: Bottle Position in Carousel
# name 1 = depSM: Depth [salt water, m]
# name 2 = flECO-AFL: Fluorescence, WET Labs ECO-AFL/FL [mg/m^3]
# name 3 = sbeox0V: Oxygen raw, SBE 43 [V]
# name 4 = sbeox1V: Oxygen raw, SBE 43, 2 [V]
# name 5 = dz/dtM: Descent Rate [m/s]
# name 6 = c1mS/cm: Conductivity, 2 [mS/cm]
# name 7 = c0mS/cm: Conductivity [mS/cm]
# name 8 = t090C: Temperature [ITS-90, deg C]
# name 9 = t190C: Temperature, 2 [ITS-90, deg C]
# name 10 = turbWETntu0: Turbidity, WET Labs ECO [NTU]
# name 11 = prDM: Pressure, Digiquartz [db]
# name 12 = scan: Scan Count
# name 13 = nbf: Bottles Fired
# name 14 = flag:  0.000e+00
# interval = seconds: 0.0416667
# start_time = May 01 2018 11:36:24 [NMEA time, header]
# bad_flag = -9.990e-29
*END*
[from data line 97]
          2     49.814     0.6864     2.4982     2.5801      0.020  29.826595  29.823667     3.6542     3.6557     1.2023     50.282       7442          2  0.000e+00
          3     48.147     0.6742     2.4983     2.5776     -1.309  29.836832  29.836058     3.6690     3.6679     1.1657     48.599       7593          3  0.000e+00
          3     48.067     0.6742     2.4983     2.5788     -1.297  29.836668  29.835184     3.6676     3.6677     1.1718     48.518       7594          3  0.000e+00
          3     48.054     0.6742     2.4983     2.5776     -1.280  29.836123  29.833962     3.6672     3.6674     1.1657     48.506       7595          3  0.000e+00
          3     48.054     0.6742     2.4983     2.5776     -1.264  29.836232  29.833439     3.6662     3.6674     1.1657     48.506       7596          3  0.000e+00
          3     48.054     0.6742     2.4983     2.5801     -1.243  29.836504  29.832915     3.6655     3.6677     1.1718     48.506       7597          3  0.000e+00
          3     47.974     0.6742     2.4983     2.5801     -1.225  29.836559  29.832565     3.6651     3.6677     1.1657     48.425       7598          3  0.000e+00
          3     48.011     0.6742     2.4970     2.5776     -1.201  29.836559  29.832100     3.6645     3.6676     1.1657     48.462       7599          3  0.000e+00
          3     47.919     0.6742     2.4970     2.5788     -1.187  29.836123  29.831983     3.6647     3.6674     1.1657     48.369       7600          3  0.000e+00
          3     47.962     0.6742     2.5007     2.5801     -1.164  29.835796  29.831983     3.6646     3.6664     1.1657     48.412       7601          3  0.000e+00
          3     47.919     0.6742     2.4983     2.5776     -1.141  29.835306  29.831983     3.6644     3.6661     1.1657     48.369       7602          3  0.000e+00
          3     47.888     0.6742     2.4983     2.5776     -1.119  29.835197  29.831285     3.6642     3.6660     1.1657     48.338       7603          3  0.000e+00
          3     47.919     0.6742     2.4983     2.5801     -1.093  29.834543  29.831518     3.6641     3.6658     1.1718     48.369       7604          3  0.000e+00
          3     47.919     0.6742     2.4983     2.5788     -1.065  29.834815  29.831459     3.6643     3.6660     1.1718     48.369       7605          3  0.000e+00
          3     47.876     0.6742     2.4983     2.5801     -1.039  29.834652  29.831576     3.6640     3.6654     1.1657     48.325       7606          3  0.000e+00
          3     47.919     0.6742     2.4983     2.5788     -1.006  29.834434  29.831227     3.6644     3.6653     1.1657     48.369       7607          3  0.000e+00
          3     47.888     0.6742     2.4983     2.5801     -0.978  29.834325  29.831518     3.6641     3.6650     1.1657     48.338       7608          3  0.000e+00
          3     47.827     0.6742     2.4970     2.5801     -0.949  29.833780  29.831226     3.6643     3.6648     1.1657     48.276       7609          3  0.000e+00
          3     47.919     0.6864     2.4983     2.5801     -0.916  29.833780  29.831518     3.6644     3.6645     1.1535     48.369       7610          3  0.000e+00
          3     47.827     0.6742     2.4983     2.5776     -0.886  29.833562  29.831692     3.6647     3.6644     1.1474     48.276       7611          3  0.000e+00
          3     47.888     0.6986     2.4983     2.5788     -0.854  29.833562  29.832041     3.6647     3.6642     1.1413     48.338       7612          3  0.000e+00
          3     47.919     0.6742     2.4995     2.5788     -0.816  29.833726  29.831809     3.6644     3.6641     1.1474     48.369       7613          3  0.000e+00
          3     47.919     0.6742     2.5007     2.5801     -0.779  29.833835  29.831459     3.6644     3.6642     1.1474     48.369       7614          3  0.000e+00
          3     47.876     0.6986     2.4983     2.5801     -0.747  29.833998  29.831576     3.6646     3.6642     1.1474     48.325       7615          3  0.000e+00
          3     47.919     0.6742     2.4983     2.5776     -0.711  29.833889  29.831692     3.6646     3.6645     1.1413     48.369       7616          3  0.000e+00
          3     47.931     0.6986     2.5007     2.5801     -0.674  29.833780  29.831692     3.6644     3.6644     1.1413     48.381       7617          3  0.000e+00
          3     47.962     0.6742     2.4995     2.5788     -0.634  29.834053  29.831867     3.6644     3.6647     1.1413     48.412       7618          3  0.000e+00
          3     47.962     0.6742     2.4983     2.5788     -0.594  29.834053  29.831518     3.6646     3.6645     1.1474     48.412       7619          3  0.000e+00
          3     47.962     0.6986     2.4983     2.5788     -0.557  29.833726  29.831751     3.6646     3.6645     1.1474     48.412       7620          3  0.000e+00
          3     48.024     0.6986     2.5007     2.5788     -0.517  29.833998  29.832100     3.6647     3.6648     1.1474     48.475       7621          3  0.000e+00
          3     48.011     0.6986     2.4983     2.5801     -0.480  29.833835  29.832042     3.6648     3.6647     1.1474     48.462       7622          3  0.000e+00
          3     48.011     0.6986     2.4983     2.5788     -0.439  29.834053  29.831751     3.6649     3.6650     1.1474     48.462       7623          3  0.000e+00
          3     48.097     0.6742     2.4983     2.5788     -0.398  29.834271  29.832042     3.6649     3.6647     1.1474     48.549       7624          3  0.000e+00
          3     48.097     0.6986     2.4983     2.5788     -0.358  29.833999  29.832391     3.6649     3.6648     1.1413     48.549       7625          3  0.000e+00
          3     48.110     0.7108     2.4983     2.5801     -0.318  29.833999  29.832275     3.6648     3.6648     1.1474     48.561       7626          3  0.000e+00
          3     48.147     0.6986     2.4983     2.5801     -0.277  29.834326  29.832217     3.6652     3.6650     1.1474     48.599       7627          3  0.000e+00
          3     48.190     0.6742     2.4983     2.5788     -0.234  29.834326  29.832391     3.6652     3.6652     1.1413     48.642       7628          3  0.000e+00
          3     48.233     0.6986     2.4983     2.5801     -0.191  29.834163  29.832682     3.6655     3.6652     1.1474     48.686       7629          3  0.000e+00
          3     48.233     0.6986     2.4970     2.5801     -0.152  29.834054  29.832799     3.6654     3.6650     1.1474     48.686       7630          3  0.000e+00
          3     48.294     0.6742     2.4983     2.5788     -0.108  29.834108  29.832799     3.6655     3.6647     1.1474     48.748       7631          3  0.000e+00
          3     48.325     0.6986     2.4970     2.5801     -0.066  29.834272  29.833206     3.6666     3.6648     1.1474     48.779       7632          3  0.000e+00
          3     48.368     0.6986     2.4983     2.5801     -0.022  29.834163  29.834429     3.6672     3.6650     1.1413     48.822       7633          3  0.000e+00
          3     48.368     0.6986     2.5007     2.5788      0.019  29.833509  29.834953     3.6673     3.6650     1.1413     48.822       7634          3  0.000e+00
          3     48.461     0.6986     2.4983     2.5801      0.062  29.833673  29.835418     3.6685     3.6652     1.1351     48.916       7635          3  0.000e+00
          3     48.473     0.7108     2.4983     2.5801      0.103  29.834436  29.836000     3.6692     3.6653     1.1107     48.928       7636          3  0.000e+00
          3     48.553     0.7108     2.4983     2.5801      0.146  29.834381  29.836350     3.6693     3.6650     1.1046     49.009       7637          3  0.000e+00
          3     48.553     0.7108     2.4983     2.5801      0.186  29.834381  29.836583     3.6693     3.6648     1.1107     49.009       7638          3  0.000e+00
          3     48.639     0.7108     2.5007     2.5788      0.229  29.834763  29.836699     3.6693     3.6652     1.1107     49.096       7639          3  0.000e+00
          3     48.688     0.7108     2.4983     2.5801      0.269  29.834926  29.836467     3.6690     3.6663     1.1107     49.145       7640          3  0.000e+00
          3     48.701     0.7108     2.4983     2.5801      0.311  29.835471  29.835768     3.6681     3.6667     1.1107     49.158       7641          3  0.000e+00
          4     40.201     0.7108     2.4995     2.5838      0.763  29.826023  29.825094     3.6606     3.6592     1.3549     40.578       9197          4  0.000e+00
          4     40.238     0.7108     2.5007     2.5838      0.759  29.826459  29.824919     3.6607     3.6595     1.3549     40.615       9198          4  0.000e+00
          4     40.287     0.7108     2.4995     2.5838      0.760  29.826404  29.825560     3.6615     3.6600     1.3549     40.664       9199          4  0.000e+00
          4     40.330     0.7108     2.5007     2.5838      0.758  29.826077  29.826607     3.6625     3.6598     1.3549     40.708       9200          4  0.000e+00
          4     40.373     0.7108     2.5007     2.5838      0.759  29.826513  29.826026     3.6612     3.6601     1.3549     40.751       9201          4  0.000e+00
          4     40.379     0.7108     2.5007     2.5838      0.757  29.827004  29.824920     3.6601     3.6606     1.3549     40.758       9202          4  0.000e+00
          4     40.373     0.7108     2.5007     2.5838      0.754  29.827439  29.823989     3.6594     3.6609     1.3549     40.751       9203          4  0.000e+00
          4     40.422     0.7108     2.5007     2.5850      0.750  29.827603  29.823814     3.6593     3.6616     1.3549     40.801       9204          4  0.000e+00
          4     40.416     0.7108     2.5007     2.5838      0.745  29.827330  29.823407     3.6590     3.6612     1.3549     40.795       9205          4  0.000e+00
          4     40.465     0.7108     2.5019     2.5838      0.739  29.827930  29.824105     3.6599     3.6625     1.3549     40.845       9206          4  0.000e+00
          4     40.472     0.7108     2.5007     2.5850      0.736  29.829727  29.826491     3.6630     3.6645     1.3549     40.851       9207          4  0.000e+00
          4     40.508     0.7108     2.5007     2.5850      0.731  29.831797  29.829285     3.6657     3.6666     1.3549     40.888       9208          4  0.000e+00
          4     40.515     0.7108     2.5007     2.5850      0.724  29.832669  29.831438     3.6679     3.6673     1.3549     40.894       9209          4  0.000e+00
          4     40.508     0.7108     2.5007     2.5838      0.715  29.835338  29.832543     3.6693     3.6715     1.3549     40.888       9210          4  0.000e+00
          4     40.564     0.7108     2.5007     2.5838      0.708  29.838335  29.834406     3.6724     3.6748     1.3549     40.944       9211          4  0.000e+00
          4     40.552     0.7108     2.5007     2.5850      0.700  29.838771  29.836908     3.6750     3.6734     1.3549     40.932       9212          4  0.000e+00
          4     40.552     0.7108     2.5007     2.5838      0.689  29.838171  29.837549     3.6745     3.6737     1.3549     40.932       9213          4  0.000e+00
          4     40.607     0.7108     2.5007     2.5838      0.681  29.838989  29.836501     3.6721     3.6745     1.3549     40.987       9214          4  0.000e+00
          4     40.601     0.7108     2.5007     2.5838      0.671  29.838880  29.833999     3.6701     3.6736     1.3549     40.981       9215          4  0.000e+00
          4     40.607     0.7108     2.5007     2.5850      0.659  29.838389  29.832485     3.6706     3.6734     1.3549     40.987       9216          4  0.000e+00
          4     40.552     0.7108     2.5007     2.5838      0.643  29.838389  29.832020     3.6703     3.6735     1.3549     40.932       9217          4  0.000e+00
          4     40.687     0.7108     2.5007     2.5838      0.635  29.838281  29.832544     3.6710     3.6735     1.3366     41.068       9218          4  0.000e+00
          4     40.650     0.6742     2.5007     2.5838      0.625  29.838172  29.834872     3.6735     3.6737     1.3061     41.031       9219          4  0.000e+00
          4     40.644     0.6742     2.4995     2.5838      0.611  29.839479  29.837432     3.6755     3.6752     1.2939     41.025       9220          4  0.000e+00
          4     40.650     0.6742     2.4995     2.5838      0.596  29.839588  29.839120     3.6767     3.6751     1.2939     41.031       9221          4  0.000e+00
          4     40.687     0.6742     2.5007     2.5838      0.584  29.838771  29.839644     3.6772     3.6732     1.2939     41.068       9222          4  0.000e+00
          4     40.601     0.6742     2.4983     2.5838      0.568  29.838335  29.840109     3.6775     3.6724     1.2939     40.981       9223          4  0.000e+00
          4     40.742     0.6742     2.5007     2.5838      0.556  29.838172  29.840284     3.6780     3.6728     1.2939     41.124       9224          4  0.000e+00
          4     40.687     0.6742     2.5007     2.5838      0.545  29.838226  29.840284     3.6783     3.6737     1.2939     41.068       9225          4  0.000e+00
          4     40.699     0.6742     2.4995     2.5850      0.528  29.838989  29.840517     3.6785     3.6755     1.2939     41.081       9226          4  0.000e+00
          4     40.687     0.6742     2.5007     2.5850      0.511  29.840569  29.840342     3.6783     3.6769     1.2939     41.068       9227          4  0.000e+00
          4     40.742     0.6742     2.4995     2.5838      0.497  29.840950  29.840692     3.6787     3.6764     1.2939     41.124       9228          4  0.000e+00
          4     40.644     0.6742     2.5007     2.5838      0.478  29.840787  29.840866     3.6783     3.6764     1.2939     41.025       9229          4  0.000e+00
          4     40.687     0.6742     2.4995     2.5825      0.462  29.840242  29.840401     3.6782     3.6761     1.2939     41.068       9230          4  0.000e+00
          4     40.699     0.6742     2.5007     2.5838      0.444  29.840133  29.840110     3.6778     3.6756     1.2939     41.081       9231          4  0.000e+00
          4     40.687     0.6742     2.5007     2.5838      0.427  29.840187  29.839586     3.6769     3.6756     1.2939     41.068       9232          4  0.000e+00
          4     40.699     0.6742     2.4995     2.5850      0.410  29.840732  29.839062     3.6761     3.6772     1.2939     41.081       9233          4  0.000e+00
          4     40.687     0.6742     2.5007     2.5825      0.391  29.842421  29.838247     3.6757     3.6789     1.2939     41.068       9234          4  0.000e+00
          4     40.687     0.6742     2.4983     2.5825      0.372  29.843075  29.838073     3.6754     3.6791     1.2939     41.068       9235          4  0.000e+00
          4     40.650     0.6742     2.5007     2.5825      0.353  29.843184  29.837840     3.6750     3.6783     1.2939     41.031       9236          4  0.000e+00
          4     40.687     0.6742     2.4983     2.5838      0.334  29.842312  29.837374     3.6744     3.6769     1.2939     41.068       9237          4  0.000e+00
          4     40.650     0.6742     2.5007     2.5850      0.313  29.841059  29.837432     3.6743     3.6759     1.2939     41.031       9238          4  0.000e+00
          4     40.644     0.6742     2.4995     2.5850      0.294  29.840078  29.837549     3.6748     3.6745     1.2939     41.025       9239          4  0.000e+00
          4     40.644     0.6742     2.5007     2.5838      0.276  29.839588  29.837898     3.6756     3.6748     1.2939     41.025       9240          4  0.000e+00
          4     40.650     0.6742     2.5007     2.5838      0.254  29.840187  29.838713     3.6762     3.6754     1.2939     41.031       9241          4  0.000e+00
