staticdata/example_data/profile_data/CTD001.ros
* Sea-Bird SBE 9 Data File:
* FileName = C:\Sea-Bird Data\2018\DY-18-05\CTD\CTD001.hex
* Software Version Seasave V 7.23.2
* Temperature SN = 4379
* Conductivity SN = 042985
* Number of Bytes Per Scan = 37
* Number of Voltage Words = 4
* Number of Scans Averaged by the Deck Unit = 1
* NMEA Latitude = 56 52.31 N
* NMEA Longitude = 164 03.02 W
* NMEA UTC (Time) = Apr 30 2018  19:11:51
* NMEA baud rate = 4800
# nquan = 15
# nvalues = 490                                   
# units = specified
# name 0 = bpos: Bottle Position in Carousel
# name 1 = depSM: Depth [salt water, m]
# name 2 = flECO-AFL: Fluorescence, WET Labs ECO-AFL/FL [mg/m^3]
# name 3 = sbeox0V: Oxygen raw, SBE 43 [V]
# name 4 = sbeox1V: Oxygen raw, SBE 43, 2 [V]
# name 5 = dz/dtM: Descent Rate [m/s]
# name 6 = c1mS/cm: Conductivity, 2 [mS/cm]
# name 7 = c0mS/cm: Conductivity [mS/cm]
# name 8 = t090C: Temperature [ITS-90, deg C]
# name 9 = t190C: Temperature, 2 [ITS-90, deg C]
# name 10 = turbWETntu0: Turbidity, WET Labs ECO [NTU]
# name 11 = prDM: Pressure, Digiquartz [db]
# name 12 = scan: Scan Count
# name 13 = nbf: Bottles Fired
# name 14 = flag:  0.000e+00
# interval = seconds: 0.0416667
# start_time = Apr 30 2018 19:11:51 [NMEA time, header]
# bad_flag = -9.990e-29
*END*
[from data line 290]
          6     28.168     0.8817     2.5131     2.5998      1.078  29.769848  29.768227     3.6116     3.6117     0.7139     28.431      27500          6  0.000e+00
          6     28.168     0.8817     2.5131     2.5998      1.035  29.769794  29.767878     3.6116     3.6119     0.7139     28.431      27501          6  0.000e+00
          6     28.125     0.8817     2.5131     2.5998      0.992  29.770011  29.767994     3.6117     3.6117     0.7139     28.387      27502          6  0.000e+00
          6     28.168     0.8817     2.5131     2.5998      0.955  29.770175  29.767878     3.6116     3.6119     0.7139     28.431      27503          6  0.000e+00
          7     25.370     0.8817     2.5131     2.5998      0.083  29.768860  29.767463     3.6119     3.6117     0.6834     25.606      27656          7  0.000e+00
          7     25.456     0.8817     2.5131     2.5998      0.108  29.768751  29.767114     3.6117     3.6117     0.6834     25.693      27657          7  0.000e+00
          7     25.456     0.8817     2.5131     2.5998      0.132  29.768751  29.766998     3.6114     3.6117     0.6834     25.693      27658          7  0.000e+00
          7     25.505     0.8817     2.5131     2.5998      0.158  29.768806  29.766765     3.6112     3.6117     0.6834     25.743      27659          7  0.000e+00
          7     25.505     0.8817     2.5131     2.5998      0.181  29.768969  29.766882     3.6114     3.6115     0.6834     25.743      27660          7  0.000e+00
          7     25.591     0.8817     2.5131     2.5998      0.208  29.768806  29.766998     3.6114     3.6113     0.6834     25.830      27661          7  0.000e+00
          7     25.548     0.8817     2.5131     2.5998      0.232  29.768806  29.766533     3.6114     3.6114     0.6834     25.786      27662          7  0.000e+00
          7     25.641     0.8817     2.5131     2.5998      0.257  29.768534  29.766591     3.6111     3.6112     0.6834     25.880      27663          7  0.000e+00
          7     25.684     0.8817     2.5119     2.5998      0.283  29.768752  29.767057     3.6112     3.6113     0.6834     25.923      27664          7  0.000e+00
          7     25.690     0.8817     2.5119     2.5998      0.308  29.768752  29.766824     3.6114     3.6114     0.6834     25.929      27665          7  0.000e+00
          7     25.733     0.8817     2.5131     2.5998      0.335  29.768916  29.766708     3.6112     3.6113     0.6834     25.973      27666          7  0.000e+00
          7     25.776     0.8817     2.5131     2.5998      0.362  29.768861  29.766882     3.6112     3.6116     0.6834     26.016      27667          7  0.000e+00
          7     25.819     0.9184     2.5119     2.5998      0.387  29.768535  29.767173     3.6114     3.6114     0.6773     26.060      27668          7  0.000e+00
          7     25.825     0.9428     2.5119     2.5998      0.411  29.768861  29.767057     3.6114     3.6111     0.6712     26.066      27669          7  0.000e+00
          7     25.911     0.9428     2.5131     2.5998      0.438  29.768862  29.766999     3.6116     3.6113     0.6712     26.153      27670          7  0.000e+00
          7     25.911     0.9428     2.5131     2.5998      0.463  29.768753  29.767174     3.6112     3.6112     0.6712     26.153      27671          7  0.000e+00
          7     26.003     0.9428     2.5131     2.5998      0.491  29.768916  29.767058     3.6112     3.6109     0.6712     26.246      27672          7  0.000e+00
          7     26.003     0.9428     2.5119     2.5998      0.514  29.769080  29.766767     3.6112     3.6114     0.6712     26.246      27673          7  0.000e+00
          7     26.046     0.9428     2.5119     2.5998      0.540  29.768644  29.766709     3.6109     3.6111     0.6712     26.289      27674          7  0.000e+00
          7     26.090     0.9428     2.5119     2.5998      0.564  29.768862  29.766883     3.6109     3.6111     0.6712     26.333      27675          7  0.000e+00
          7     26.139     0.9428     2.5131     2.5998      0.587  29.769080  29.766535     3.6109     3.6114     0.6712     26.382      27676          7  0.000e+00
          7     26.182     0.9428     2.5119     2.5998      0.611  29.769026  29.766825     3.6109     3.6114     0.6712     26.426      27677          7  0.000e+00
          7     26.182     0.9428     2.5119     2.6010      0.631  29.769026  29.766767     3.6111     3.6112     0.6712     26.426      27678          7  0.000e+00
          7     26.274     0.9428     2.5131     2.6010      0.654  29.769516  29.767116     3.6111     3.6117     0.6712     26.519      27679          7  0.000e+00
          7     26.274     0.9428     2.5131     2.6010      0.674  29.769570  29.767058     3.6109     3.6120     0.6712     26.519      27680          7  0.000e+00
          7     26.360     0.9428     2.5131     2.5998      0.696  29.769952  29.767175     3.6112     3.6123     0.6712     26.606      27681          7  0.000e+00
          7     26.317     0.9428     2.5131     2.5998      0.712  29.769951  29.767291     3.6116     3.6123     0.6712     26.562      27682          7  0.000e+00
          7     26.502     0.9428     2.5119     2.5998      0.735  29.770061  29.767466     3.6117     3.6128     0.6712     26.749      27683          7  0.000e+00
          7     26.452     0.9428     2.5131     2.5998      0.753  29.770333  29.767524     3.6120     3.6126     0.6712     26.699      27684          7  0.000e+00
          7     26.545     0.9428     2.5131     2.5998      0.774  29.770714  29.767582     3.6117     3.6125     0.6712     26.792      27685          7  0.000e+00
          7     26.545     0.9428     2.5131     2.5998      0.790  29.770279  29.767757     3.6116     3.6126     0.6712     26.792      27686          7  0.000e+00
          7     26.588     0.9428     2.5131     2.5998      0.806  29.770442  29.767815     3.6120     3.6125     0.6712     26.836      27687          7  0.000e+00
          7     26.631     0.9428     2.5119     2.5998      0.822  29.770225  29.767815     3.6120     3.6128     0.6712     26.879      27688          7  0.000e+00
          7     26.680     0.9428     2.5131     2.5998      0.836  29.770551  29.767815     3.6122     3.6127     0.6712     26.929      27689          7  0.000e+00
          7     26.723     0.9428     2.5131     2.5998      0.852  29.770987  29.768223     3.6119     3.6133     0.6712     26.972      27690          7  0.000e+00
          7     26.772     0.9428     2.5131     2.6010      0.864  29.770769  29.767699     3.6119     3.6132     0.6712     27.022      27691          7  0.000e+00
          7     26.815     0.9428     2.5131     2.5998      0.877  29.770715  29.767699     3.6117     3.6129     0.6712     27.065      27692          7  0.000e+00
          7     26.858     0.9061     2.5119     2.5998      0.892  29.770334  29.767409     3.6117     3.6125     0.6651     27.109      27693          7  0.000e+00
          7     26.858     0.8451     2.5131     2.6010      0.902  29.770116  29.767234     3.6114     3.6124     0.6651     27.109      27694          7  0.000e+00
          7     26.951     0.8329     2.5119     2.6010      0.913  29.770117  29.767467     3.6114     3.6123     0.6651     27.202      27695          7  0.000e+00
          7     26.951     0.8329     2.5131     2.6010      0.922  29.770443  29.767758     3.6111     3.6127     0.6651     27.202      27696          7  0.000e+00
          7     27.037     0.8329     2.5131     2.5998      0.932  29.770443  29.767351     3.6112     3.6124     0.6651     27.289      27697          7  0.000e+00
          7     27.037     0.8329     2.5131     2.5998      0.941  29.770443  29.767235     3.6111     3.6128     0.6651     27.289      27698          7  0.000e+00
          7     27.086     0.8329     2.5131     2.5998      0.948  29.770716  29.767468     3.6112     3.6130     0.6651     27.339      27699          7  0.000e+00
          7     27.129     0.8329     2.5131     2.5998      0.956  29.770498  29.767352     3.6111     3.6131     0.6651     27.382      27700          7  0.000e+00
          7     27.129     0.8329     2.5119     2.5998      0.959  29.770607  29.767293     3.6112     3.6127     0.6651     27.382      27701          7  0.000e+00
          7     27.221     0.8329     2.5119     2.5998      0.965  29.770988  29.767643     3.6112     3.6127     0.6651     27.475      27702          7  0.000e+00
          7     27.221     0.8329     2.5119     2.5998      0.973  29.770988  29.767410     3.6114     3.6128     0.6651     27.475      27703          7  0.000e+00
          7     27.264     0.8329     2.5119     2.5998      0.973  29.770553  29.767643     3.6112     3.6125     0.6651     27.519      27704          7  0.000e+00
          8     14.133     0.7596     2.5204     2.6047     -0.484  29.780530  29.778420     3.6315     3.6317     0.6406     14.264      30437          8  0.000e+00
          8     14.047     0.7596     2.5204     2.6047     -0.474  29.780802  29.778362     3.6315     3.6319     0.6406     14.177      30438          8  0.000e+00
          8     14.090     0.7596     2.5192     2.6047     -0.458  29.780857  29.778537     3.6316     3.6320     0.6406     14.221      30439          8  0.000e+00
          8     14.090     0.7596     2.5192     2.6047     -0.444  29.781129  29.778420     3.6318     3.6322     0.6406     14.221      30440          8  0.000e+00
          8     14.078     0.7596     2.5192     2.6047     -0.429  29.780911  29.778362     3.6318     3.6323     0.6406     14.208      30441          8  0.000e+00
          8     14.047     0.7596     2.5204     2.6035     -0.417  29.781020  29.778536     3.6320     3.6325     0.6406     14.177      30442          8  0.000e+00
          8     14.090     0.7596     2.5204     2.6035     -0.401  29.780748  29.779060     3.6326     3.6323     0.6406     14.221      30443          8  0.000e+00
          8     14.047     0.7596     2.5204     2.6047     -0.387  29.780802  29.779234     3.6325     3.6323     0.6406     14.177      30444          8  0.000e+00
          8     14.047     0.7596     2.5204     2.6035     -0.374  29.781347  29.779409     3.6328     3.6323     0.6406     14.177      30445          8  0.000e+00
          8     14.047     0.7596     2.5204     2.6047     -0.362  29.780802  29.779467     3.6331     3.6320     0.6406     14.177      30446          8  0.000e+00
          8     14.047     0.7596     2.5204     2.6047     -0.348  29.780748  29.779292     3.6326     3.6320     0.6406     14.177      30447          8  0.000e+00
          8     14.047     0.7596     2.5192     2.6047     -0.332  29.780857  29.779409     3.6328     3.6320     0.6406     14.177      30448          8  0.000e+00
          8     14.047     0.7596     2.5192     2.6047     -0.326  29.780857  29.779292     3.6329     3.6322     0.6406     14.177      30449          8  0.000e+00
          8     14.047     0.7596     2.5192     2.6047     -0.305  29.780476  29.779816     3.6330     3.6317     0.6406     14.177      30450          8  0.000e+00
          8     14.047     0.7596     2.5204     2.6047     -0.292  29.780694  29.779874     3.6331     3.6317     0.6712     14.177      30451          8  0.000e+00
          8     14.035     0.7718     2.5204     2.6047     -0.279  29.780639  29.779990     3.6331     3.6316     0.6895     14.165      30452          8  0.000e+00
          8     14.047     0.7718     2.5204     2.6047     -0.264  29.780585  29.779176     3.6326     3.6317     0.6895     14.177      30453          8  0.000e+00
          8     14.047     0.7718     2.5204     2.6047     -0.250  29.780367  29.778944     3.6320     3.6320     0.6895     14.177      30454          8  0.000e+00
          8     14.047     0.7718     2.5216     2.6047     -0.238  29.780694  29.778711     3.6320     3.6321     0.6895     14.177      30455          8  0.000e+00
          8     14.090     0.7718     2.5204     2.6047     -0.223  29.781347  29.778827     3.6317     3.6323     0.6895     14.221      30456          8  0.000e+00
          8     14.047     0.7718     2.5204     2.6047     -0.208  29.781184  29.778711     3.6321     3.6322     0.6895     14.177      30457          8  0.000e+00
          8     14.090     0.7718     2.5204     2.6047     -0.195  29.780966  29.779060     3.6321     3.6323     0.6895     14.221      30458          8  0.000e+00
          8     14.047     0.7718     2.5204     2.6047     -0.181  29.781075  29.779002     3.6321     3.6323     0.6895     14.177      30459          8  0.000e+00
          8     14.090     0.7718     2.5204     2.6047     -0.166  29.781129  29.778711     3.6320     3.6323     0.6895     14.221      30460          8  0.000e+00
          8     14.090     0.7718     2.5204     2.6047     -0.153  29.781184  29.778827     3.6320     3.6321     0.6895     14.221      30461          8  0.000e+00
          8     14.090     0.7718     2.5204     2.6047     -0.140  29.781129  29.779293     3.6323     3.6323     0.6895     14.221      30462          8  0.000e+00
          8     14.078     0.7718     2.5204     2.6047     -0.128  29.781129  29.779293     3.6321     3.6322     0.6895     14.208      30463          8  0.000e+00
          8     14.090     0.7718     2.5204     2.6047     -0.116  29.781401  29.778769     3.6320     3.6326     0.6895     14.221      30464          8  0.000e+00
          8     14.133     0.7718     2.5204     2.6047     -0.100  29.781184  29.778827     3.6318     3.6323     0.6895     14.264      30465          8  0.000e+00
          8     14.090     0.7718     2.5204     2.6047     -0.089  29.781184  29.778537     3.6318     3.6325     0.6895     14.221      30466          8  0.000e+00
          8     14.133     0.7718     2.5204     2.6047     -0.075  29.781129  29.778595     3.6318     3.6323     0.6895     14.264      30467          8  0.000e+00
          8     14.133     0.7718     2.5204     2.6047     -0.064  29.781129  29.778653     3.6318     3.6327     0.6895     14.264      30468          8  0.000e+00
          8     14.090     0.7718     2.5204     2.6047     -0.055  29.781184  29.778827     3.6317     3.6327     0.6895     14.221      30469          8  0.000e+00
          8     14.182     0.7718     2.5204     2.6047     -0.040  29.781347  29.779118     3.6318     3.6327     0.6895     14.314      30470          8  0.000e+00
          8     14.133     0.7718     2.5204     2.6047     -0.030  29.781238  29.778769     3.6320     3.6329     0.6895     14.264      30471          8  0.000e+00
          8     14.182     0.7718     2.5204     2.6047     -0.017  29.781347  29.778828     3.6320     3.6327     0.6895     14.314      30472          8  0.000e+00
          8     14.182     0.7718     2.5204     2.6047     -0.006  29.781402  29.779118     3.6321     3.6327     0.6895     14.314      30473          8  0.000e+00
          8     14.170     0.7718     2.5204     2.6047      0.006  29.781238  29.779235     3.6324     3.6326     0.6895     14.302      30474          8  0.000e+00
          8     14.182     0.7718     2.5216     2.6047      0.013  29.781129  29.779409     3.6326     3.6322     0.6895     14.314      30475          8  0.000e+00
          8     14.225     0.7840     2.5216     2.6047      0.027  29.781130  29.779467     3.6324     3.6322     0.6712     14.357      30476          8  0.000e+00
          8     14.182     0.7963     2.5216     2.6047      0.037  29.780531  29.779293     3.6323     3.6318     0.6467     14.314      30477          8  0.000e+00
          8     14.225     0.7963     2.5204     2.6047      0.047  29.780531  29.779409     3.6320     3.6317     0.6406     14.357      30478          8  0.000e+00
