staticdata/example_data/profile_data/ctd005.ros
* Sea-Bird SBE 9 Data File:
* FileName = C:\Sea-Bird Data\2018\DY-18-05\CTD\CTD005.hex
* Software Version Seasave V 7.23.2
* Temperature SN = 4379
* Conductivity SN = 042985
* Number of Bytes Per Scan = 37
* Number of Voltage Words = 4
* Number of Scans Averaged by the Deck Unit = 1
* NMEA Latitude = 56 46.21 N
* NMEA Longitude = 164 20.03 W
* NMEA UTC (Time) = May 01 2018  13:52:32
* NMEA baud rate = 4800
# nquan = 15
# nvalues = 392                                   
# units = specified
# name 0 = bpos: Bottle Position in Carousel
# name 1 = depSM: Depth [salt water, m]
# name 2 = flECO-AFL: Fluorescence, WET Labs ECO-AFL/FL [mg/m^3]
# name 3 = sbeox0V: Oxygen raw, SBE 43 [V]
# name 4 = sbeox1V: Oxygen raw, SBE 43, 2 [V]
# name 5 = dz/dtM: Descent Rate [m/s]
# name 6 = c1mS/cm: Conductivity, 2 [mS/cm]
# name 7 = c0mS/cm: Conductivity [mS/cm]
# name 8 = t090C: Temperature [ITS-90, deg C]
# name 9 = t190C: Temperature, 2 [ITS-90, deg C]
# name 10 = turbWETntu0: Turbidity, WET Labs ECO [NTU]
# name 11 = prDM: Pressure, Digiquartz [db]
# name 12 = scan: Scan Count
# name 13 = nbf: Bottles Fired
# name 14 = flag:  0.000e+00
# interval = seconds: 0.0416667
# start_time = May 01 2018 13:52:32 [NMEA time, header]
# bad_flag = -9.990e-29
*END*
[from data line 193]
          4     39.825     0.7596     2.5007     2.5838      0.374  29.663921  29.661340     3.4873     3.4878     0.7872     40.197       8473          4  0.000e+00
          4     39.862     0.7596     2.5007     2.5850      0.403  29.663867  29.661456     3.4875     3.4876     0.7872     40.234       8474          4  0.000e+00
          4     39.868     0.7596     2.5007     2.5850      0.426  29.663432  29.662211     3.4884     3.4876     0.7872     40.240       8475          4  0.000e+00
          5     30.243     0.8085     2.5056     2.5923     -0.479  29.694122  29.689132     3.5261     3.5292     0.6590     30.525      10308          5  0.000e+00
          5     30.157     0.8207     2.5056     2.5923     -0.477  29.694230  29.689771     3.5269     3.5300     0.6590     30.439      10309          5  0.000e+00
          5     30.108     0.8329     2.5056     2.5923     -0.475  29.694720  29.690351     3.5275     3.5299     0.6529     30.389      10310          5  0.000e+00
          5     30.108     0.8329     2.5056     2.5923     -0.472  29.694883  29.690990     3.5280     3.5303     0.6529     30.389      10311          5  0.000e+00
          5     30.108     0.8329     2.5056     2.5923     -0.468  29.694991  29.691107     3.5282     3.5312     0.6529     30.389      10312          5  0.000e+00
          5     30.108     0.8329     2.5056     2.5911     -0.465  29.695372  29.691107     3.5285     3.5313     0.6529     30.389      10313          5  0.000e+00
          5     30.065     0.8329     2.5056     2.5911     -0.460  29.695861  29.691513     3.5291     3.5319     0.6529     30.345      10314          5  0.000e+00
          5     30.108     0.8329     2.5068     2.5923     -0.453  29.696405  29.692094     3.5298     3.5327     0.6529     30.389      10315          5  0.000e+00
          5     30.065     0.8329     2.5068     2.5923     -0.449  29.696949  29.692617     3.5306     3.5335     0.6529     30.345      10316          5  0.000e+00
          5     30.065     0.8329     2.5081     2.5923     -0.443  29.697275  29.693140     3.5307     3.5340     0.6529     30.345      10317          5  0.000e+00
          5     30.108     0.8329     2.5081     2.5923     -0.432  29.697547  29.693140     3.5305     3.5340     0.6529     30.389      10318          5  0.000e+00
          5     30.065     0.8329     2.5081     2.5923     -0.424  29.697438  29.693024     3.5306     3.5341     0.6529     30.345      10319          5  0.000e+00
          5     30.022     0.8329     2.5081     2.5923     -0.417  29.697710  29.693256     3.5310     3.5340     0.6529     30.302      10320          5  0.000e+00
          5     30.108     0.8329     2.5068     2.5923     -0.406  29.697874  29.693721     3.5312     3.5338     0.6529     30.389      10321          5  0.000e+00
          5     30.016     0.8329     2.5068     2.5923     -0.398  29.697710  29.693895     3.5318     3.5340     0.6529     30.296      10322          5  0.000e+00
          5     30.065     0.8329     2.5068     2.5923     -0.388  29.697819  29.693895     3.5320     3.5338     0.6529     30.345      10323          5  0.000e+00
          5     30.065     0.8329     2.5081     2.5923     -0.377  29.697275  29.694708     3.5328     3.5335     0.6529     30.345      10324          5  0.000e+00
          5     30.065     0.8329     2.5068     2.5923     -0.363  29.697275  29.695231     3.5332     3.5334     0.6529     30.345      10325          5  0.000e+00
          5     30.065     0.8329     2.5068     2.5923     -0.354  29.696949  29.695464     3.5331     3.5329     0.6529     30.345      10326          5  0.000e+00
          5     30.065     0.8329     2.5081     2.5923     -0.340  29.696623  29.695580     3.5331     3.5326     0.6529     30.345      10327          5  0.000e+00
          5     30.108     0.8329     2.5081     2.5923     -0.324  29.696623  29.695115     3.5331     3.5322     0.6529     30.389      10328          5  0.000e+00
          5     30.065     0.8329     2.5081     2.5923     -0.313  29.696351  29.694592     3.5329     3.5319     0.6529     30.345      10329          5  0.000e+00
          5     30.108     0.8329     2.5081     2.5923     -0.297  29.696460  29.694825     3.5331     3.5324     0.6529     30.389      10330          5  0.000e+00
          5     30.108     0.8329     2.5081     2.5923     -0.280  29.696351  29.694999     3.5331     3.5322     0.6529     30.389      10331          5  0.000e+00
          5     30.108     0.8329     2.5081     2.5923     -0.265  29.696460  29.695231     3.5335     3.5324     0.6529     30.389      10332          5  0.000e+00
          5     30.108     0.8329     2.5081     2.5923     -0.248  29.696949  29.695289     3.5336     3.5329     0.6529     30.389      10333          5  0.000e+00
          5     30.157     0.8329     2.5081     2.5923     -0.230  29.697113  29.695290     3.5331     3.5330     0.6529     30.439      10334          5  0.000e+00
          5     30.157     0.8573     2.5081     2.5923     -0.211  29.697819  29.695290     3.5331     3.5338     0.6712     30.439      10335          5  0.000e+00
          5     30.157     0.8451     2.5081     2.5923     -0.194  29.698146  29.695522     3.5341     3.5341     0.6834     30.439      10336          5  0.000e+00
          5     30.157     0.8451     2.5081     2.5923     -0.176  29.698363  29.695754     3.5341     3.5341     0.6834     30.439      10337          5  0.000e+00
          5     30.157     0.8573     2.5081     2.5923     -0.160  29.697656  29.695173     3.5331     3.5334     0.6834     30.439      10338          5  0.000e+00
          5     30.243     0.8451     2.5081     2.5923     -0.137  29.696351  29.694418     3.5322     3.5322     0.6834     30.525      10339          5  0.000e+00
          5     30.200     0.8451     2.5081     2.5923     -0.120  29.695590  29.693953     3.5318     3.5313     0.6834     30.482      10340          5  0.000e+00
          5     30.200     0.8451     2.5068     2.5923     -0.099  29.695209  29.693721     3.5320     3.5307     0.6834     30.482      10341          5  0.000e+00
          5     30.336     0.8451     2.5068     2.5923     -0.076  29.694720  29.694012     3.5317     3.5297     0.6834     30.619      10342          5  0.000e+00
          5     30.243     0.8573     2.5068     2.5923     -0.057  29.694122  29.694186     3.5317     3.5293     0.6834     30.525      10343          5  0.000e+00
          5     30.293     0.8451     2.5068     2.5923     -0.036  29.693796  29.694593     3.5318     3.5289     0.6834     30.575      10344          5  0.000e+00
          5     30.293     0.8451     2.5068     2.5923     -0.016  29.693959  29.694128     3.5323     3.5293     0.6834     30.575      10345          5  0.000e+00
          5     30.336     0.8451     2.5068     2.5923      0.005  29.694448  29.692618     3.5317     3.5299     0.6834     30.619      10346          5  0.000e+00
          5     30.379     0.8573     2.5081     2.5923      0.030  29.695264  29.689248     3.5280     3.5312     0.6834     30.662      10347          5  0.000e+00
          5     30.379     0.8573     2.5081     2.5923      0.051  29.695862  29.686692     3.5245     3.5316     0.6834     30.662      10348          5  0.000e+00
          5     30.379     0.8451     2.5081     2.5923      0.070  29.696624  29.686518     3.5239     3.5329     0.6834     30.662      10349          5  0.000e+00
          5     30.428     0.8573     2.5081     2.5923      0.094  29.697440  29.686054     3.5231     3.5338     0.6834     30.712      10350          5  0.000e+00
          5     30.428     0.8451     2.5081     2.5923      0.114  29.698147  29.685589     3.5228     3.5344     0.6834     30.712      10351          5  0.000e+00
          5     30.471     0.8451     2.5081     2.5923      0.134  29.697385  29.684834     3.5215     3.5331     0.6834     30.755      10352          5  0.000e+00
          5     30.514     0.8451     2.5068     2.5923      0.159  29.695428  29.685996     3.5237     3.5300     0.6834     30.799      10353          5  0.000e+00
          5     30.514     0.8573     2.5081     2.5923      0.180  29.690317  29.689481     3.5266     3.5217     0.6834     30.799      10354          5  0.000e+00
          5     30.563     0.8573     2.5081     2.5923      0.201  29.684879  29.691573     3.5285     3.5159     0.6834     30.848      10355          5  0.000e+00
          5     30.563     0.8451     2.5081     2.5923      0.217  29.685912  29.692328     3.5299     3.5209     0.6834     30.848      10356          5  0.000e+00
          6     21.525     0.9061     2.5166     2.6021      0.196  29.721018  29.718680     3.5653     3.5659     0.5735     21.725      11541          6  0.000e+00
          6     21.574     0.9061     2.5166     2.6021      0.191  29.720366  29.718622     3.5653     3.5663     0.5735     21.775      11542          6  0.000e+00
          6     21.439     0.8939     2.5166     2.6021      0.177  29.720855  29.718157     3.5653     3.5665     0.5735     21.639      11543          6  0.000e+00
          6     21.537     0.8939     2.5166     2.6021      0.168  29.721236  29.718506     3.5655     3.5663     0.5735     21.738      11544          6  0.000e+00
          6     21.525     0.9061     2.5166     2.6021      0.160  29.720855  29.719203     3.5659     3.5657     0.5735     21.725      11545          6  0.000e+00
          6     21.482     0.8939     2.5166     2.6021      0.148  29.720529  29.719087     3.5662     3.5661     0.5735     21.682      11546          6  0.000e+00
          6     21.482     0.9061     2.5166     2.6021      0.136  29.720855  29.718912     3.5658     3.5662     0.5735     21.682      11547          6  0.000e+00
          6     21.482     0.8939     2.5166     2.6021      0.126  29.721236  29.718912     3.5659     3.5665     0.5735     21.682      11548          6  0.000e+00
          6     21.439     0.8939     2.5166     2.6021      0.110  29.721290  29.719145     3.5658     3.5665     0.5735     21.638      11549          6  0.000e+00
          6     21.482     0.8939     2.5166     2.6021      0.102  29.721290  29.718796     3.5656     3.5665     0.5735     21.682      11550          6  0.000e+00
          6     21.482     0.8939     2.5166     2.6021      0.091  29.721290  29.719028     3.5659     3.5665     0.5735     21.682      11551          6  0.000e+00
          6     21.439     0.9061     2.5166     2.6021      0.079  29.721508  29.719028     3.5659     3.5664     0.5735     21.638      11552          6  0.000e+00
          6     21.390     0.8939     2.5166     2.6021      0.064  29.721181  29.718912     3.5658     3.5666     0.5735     21.589      11553          6  0.000e+00
          6     21.439     0.8939     2.5166     2.6021      0.052  29.721453  29.718912     3.5656     3.5664     0.5735     21.638      11554          6  0.000e+00
          6     21.439     0.8939     2.5166     2.6021      0.039  29.721127  29.718447     3.5656     3.5663     0.5735     21.638      11555          6  0.000e+00
          6     21.310     0.9061     2.5154     2.6009      0.021  29.721181  29.718563     3.5651     3.5662     0.5735     21.508      11556          6  0.000e+00
          6     21.439     0.9061     2.5154     2.6021      0.011  29.721073  29.718622     3.5651     3.5665     0.5735     21.638      11557          6  0.000e+00
          6     21.390     0.8939     2.5154     2.6021      0.001  29.721018  29.718447     3.5651     3.5664     0.5735     21.589      11558          6  0.000e+00
          6     21.347     0.9061     2.5154     2.6021     -0.012  29.721235  29.718738     3.5651     3.5665     0.5735     21.545      11559          6  0.000e+00
          6     21.347     0.9061     2.5166     2.6021     -0.026  29.721290  29.718505     3.5651     3.5665     0.5674     21.545      11560          6  0.000e+00
          6     21.347     0.9061     2.5166     2.6021     -0.039  29.721072  29.718738     3.5653     3.5666     0.5613     21.545      11561          6  0.000e+00
          6     21.347     0.9061     2.5166     2.6021     -0.051  29.721453  29.718505     3.5655     3.5670     0.5613     21.545      11562          6  0.000e+00
          6     21.304     0.9061     2.5154     2.6021     -0.064  29.721616  29.718331     3.5651     3.5666     0.5613     21.502      11563          6  0.000e+00
          6     21.304     0.9061     2.5154     2.6021     -0.076  29.721616  29.718796     3.5651     3.5667     0.5613     21.502      11564          6  0.000e+00
          6     21.304     0.9061     2.5154     2.6009     -0.087  29.721127  29.718447     3.5651     3.5665     0.5613     21.502      11565          6  0.000e+00
          6     21.255     0.9061     2.5166     2.6021     -0.102  29.721453  29.718563     3.5651     3.5667     0.5613     21.452      11566          6  0.000e+00
          6     21.304     0.9061     2.5154     2.6021     -0.112  29.721779  29.718621     3.5655     3.5668     0.5613     21.502      11567          6  0.000e+00
          6     21.218     0.9061     2.5154     2.6021     -0.125  29.721670  29.718853     3.5659     3.5670     0.5613     21.415      11568          6  0.000e+00
          6     21.254     0.9061     2.5154     2.6021     -0.135  29.721616  29.718912     3.5661     3.5669     0.5613     21.452      11569          6  0.000e+00
          6     21.211     0.9061     2.5154     2.6021     -0.147  29.721779  29.719086     3.5659     3.5671     0.5613     21.409      11570          6  0.000e+00
          6     21.211     0.9061     2.5154     2.6021     -0.159  29.721670  29.718970     3.5658     3.5670     0.5613     21.409      11571          6  0.000e+00
          6     21.211     0.9061     2.5154     2.6009     -0.167  29.721779  29.718737     3.5658     3.5671     0.5613     21.409      11572          6  0.000e+00
          6     21.211     0.9061     2.5154     2.6009     -0.177  29.721888  29.718853     3.5659     3.5675     0.5613     21.409      11573          6  0.000e+00
          6     21.168     0.9061     2.5154     2.6009     -0.186  29.722051  29.718911     3.5659     3.5682     0.5613     21.365      11574          6  0.000e+00
          6     21.119     0.9061     2.5154     2.6009     -0.197  29.722758  29.719144     3.5661     3.5697     0.5613     21.316      11575          6  0.000e+00
          6     21.168     0.9061     2.5154     2.6009     -0.204  29.722758  29.719202     3.5664     3.5693     0.5613     21.365      11576          6  0.000e+00
          6     21.119     0.9061     2.5154     2.6021     -0.214  29.722867  29.719376     3.5666     3.5686     0.5613     21.316      11577          6  0.000e+00
          6     21.119     0.9061     2.5154     2.6021     -0.222  29.722323  29.719434     3.5664     3.5681     0.5613     21.316      11578          6  0.000e+00
          6     21.076     0.9061     2.5154     2.6009     -0.232  29.722323  29.719434     3.5667     3.5675     0.5613     21.272      11579          6  0.000e+00
          6     21.076     0.9061     2.5154     2.6009     -0.241  29.722431  29.719260     3.5662     3.5677     0.5613     21.272      11580          6  0.000e+00
          6     21.119     0.9061     2.5154     2.6009     -0.243  29.722214  29.719202     3.5661     3.5675     0.5613     21.316      11581          6  0.000e+00
          6     20.996     0.9061     2.5154     2.6009     -0.256  29.721942  29.719201     3.5662     3.5676     0.5613     21.191      11582          6  0.000e+00
          6     21.033     0.9061     2.5154     2.6009     -0.264  29.721887  29.719550     3.5662     3.5675     0.5613     21.229      11583          6  0.000e+00
          6     21.033     0.9061     2.5154     2.6009     -0.271  29.722051  29.719143     3.5662     3.5671     0.5613     21.229      11584          6  0.000e+00
