staticdata/example_data/profile_data/ctd004.ros
* Sea-Bird SBE 9 Data File:
* FileName = C:\Sea-Bird Data\2018\DY-18-05\CTD\CTD004.hex
* Software Version Seasave V 7.23.2
* Temperature SN = 4379
* Conductivity SN = 042985
* Number of Bytes Per Scan = 37
* Number of Voltage Words = 4
* Number of Scans Averaged by the Deck Unit = 1
* NMEA Latitude = 57 01.08 N
* NMEA Longitude = 164 13.12 W
* NMEA UTC (Time) = May 01 2018  11:36:24
* NMEA baud rate = 4800
# nquan = 15
# nvalues = 392                                   
# units = specified
# name 0 = bpos: Bottle Position in Carousel
# name 1 = depSM: Depth [salt water, m]
# name 2 = flECO-AFL: Fluorescence, WET Labs ECO-AFL/FL [mg/m^3]
# name 3 = sbeox0V: Oxygen raw, SBE 43 [V]
# name 4 = sbeox1V: Oxygen raw, SBE 43, 2 [V]
# name 5 = dz/dtM: Descent Rate [m/s]
# name 6 = c1mS/cm: Conductivity, 2 [mS/cm]
# name 7 = c0mS/cm: Conductivity [mS/cm]
# name 8 = t090C: Temperature [ITS-90, deg C]
# name 9 = t190C: Temperature, 2 [ITS-90, deg C]
# name 10 = turbWETntu0: Turbidity, WET Labs ECO [NTU]
# name 11 = prDM: Pressure, Digiquartz [db]
# name 12 = scan: Scan Count
# name 13 = nbf: Bottles Fired
# name 14 = flag:  0.000e+00
# interval = seconds: 0.0416667
# start_time = May 01 2018 11:36:24 [NMEA time, header]
# bad_flag = -9.990e-29
*END*
[from data line 290]
          6     19.829     0.7108     2.5081     2.5911      0.097  29.825527  29.824394     3.6699     3.6691     0.9825     20.013      11772          6  0.000e+00
          6     19.872     0.6742     2.5081     2.5923      0.100  29.825963  29.824336     3.6697     3.6693     0.9886     20.057      11773          6  0.000e+00
          6     19.872     0.6742     2.5081     2.5923      0.097  29.826181  29.824336     3.6698     3.6693     0.9886     20.057      11774          6  0.000e+00
          6     19.872     0.6864     2.5081     2.5923      0.101  29.826072  29.824336     3.6698     3.6696     0.9886     20.057      11775          6  0.000e+00
          7      9.624     0.6986     2.5117     2.5948     -0.527  29.838735  29.837051     3.6890     3.6885     0.9276      9.713      13188          7  0.000e+00
          7      9.537     0.7108     2.5117     2.5948     -0.518  29.838734  29.837050     3.6889     3.6885     0.9276      9.626      13189          7  0.000e+00
          7      9.580     0.6986     2.5117     2.5948     -0.508  29.838625  29.837341     3.6890     3.6885     0.9276      9.670      13190          7  0.000e+00
          7      9.562     0.6986     2.5117     2.5948     -0.499  29.838680  29.837458     3.6890     3.6885     0.9276      9.651      13191          7  0.000e+00
          7      9.537     0.6986     2.5117     2.5948     -0.488  29.838625  29.837632     3.6890     3.6885     0.9276      9.626      13192          7  0.000e+00
          7      9.537     0.6986     2.5117     2.5948     -0.480  29.838898  29.837283     3.6890     3.6888     0.9276      9.626      13193          7  0.000e+00
          7      9.537     0.6986     2.5130     2.5948     -0.470  29.838680  29.836701     3.6885     3.6885     0.9215      9.626      13194          7  0.000e+00
          7      9.519     0.6986     2.5117     2.5948     -0.460  29.838898  29.836759     3.6881     3.6888     0.9276      9.607      13195          7  0.000e+00
          7      9.488     0.6986     2.5117     2.5948     -0.451  29.839115  29.836876     3.6886     3.6888     0.9276      9.576      13196          7  0.000e+00
          7      9.488     0.6986     2.5117     2.5948     -0.442  29.839007  29.837050     3.6891     3.6887     0.9276      9.576      13197          7  0.000e+00
          7      9.488     0.6986     2.5117     2.5948     -0.434  29.839006  29.837516     3.6893     3.6890     0.9276      9.576      13198          7  0.000e+00
          7      9.445     0.6986     2.5117     2.5948     -0.428  29.838897  29.837516     3.6892     3.6884     0.9276      9.533      13199          7  0.000e+00
          7      9.427     0.6986     2.5117     2.5948     -0.422  29.838952  29.837457     3.6890     3.6885     0.9276      9.514      13200          7  0.000e+00
          7      9.445     0.7230     2.5117     2.5948     -0.413  29.838897  29.837457     3.6892     3.6887     0.9276      9.533      13201          7  0.000e+00
          7      9.445     0.7474     2.5130     2.5948     -0.405  29.838571  29.837457     3.6890     3.6887     0.9398      9.533      13202          7  0.000e+00
          7      9.402     0.7596     2.5117     2.5948     -0.399  29.838952  29.837457     3.6891     3.6890     0.9459      9.490      13203          7  0.000e+00
          7      9.384     0.7596     2.5117     2.5948     -0.394  29.839224  29.837457     3.6892     3.6890     0.9459      9.471      13204          7  0.000e+00
          7      9.402     0.7596     2.5117     2.5948     -0.385  29.839170  29.837632     3.6890     3.6892     0.9459      9.490      13205          7  0.000e+00
          7      9.353     0.7596     2.5117     2.5948     -0.380  29.839006  29.837515     3.6890     3.6890     0.9459      9.440      13206          7  0.000e+00
          7      9.353     0.7596     2.5117     2.5948     -0.375  29.838788  29.837457     3.6892     3.6893     0.9459      9.440      13207          7  0.000e+00
          7      9.341     0.7596     2.5130     2.5948     -0.369  29.839224  29.837457     3.6892     3.6891     0.9459      9.427      13208          7  0.000e+00
          7      9.353     0.7596     2.5130     2.5948     -0.362  29.838897  29.837224     3.6890     3.6892     0.9459      9.440      13209          7  0.000e+00
          7      9.310     0.7596     2.5130     2.5948     -0.357  29.838843  29.837515     3.6892     3.6885     0.9459      9.396      13210          7  0.000e+00
          7      9.310     0.7596     2.5130     2.5948     -0.353  29.838570  29.837864     3.6893     3.6885     0.9459      9.396      13211          7  0.000e+00
          7      9.291     0.7596     2.5117     2.5948     -0.345  29.838788  29.837806     3.6896     3.6887     0.9459      9.378      13212          7  0.000e+00
          7      9.267     0.7596     2.5117     2.5960     -0.341  29.838570  29.837690     3.6895     3.6887     0.9459      9.353      13213          7  0.000e+00
          7      9.267     0.7596     2.5117     2.5948     -0.336  29.838570  29.838097     3.6900     3.6887     0.9459      9.353      13214          7  0.000e+00
          7      9.267     0.7596     2.5117     2.5948     -0.333  29.838679  29.838272     3.6898     3.6888     0.9459      9.353      13215          7  0.000e+00
          7      9.248     0.7596     2.5117     2.5948     -0.329  29.838733  29.837806     3.6897     3.6887     0.9459      9.334      13216          7  0.000e+00
          7      9.218     0.7596     2.5130     2.5948     -0.325  29.839224  29.837864     3.6900     3.6892     0.9459      9.303      13217          7  0.000e+00
          7      9.267     0.7596     2.5130     2.5948     -0.317  29.839278  29.837806     3.6896     3.6888     0.9459      9.353      13218          7  0.000e+00
          7      9.218     0.7596     2.5130     2.5948     -0.313  29.839169  29.837690     3.6895     3.6890     0.9459      9.303      13219          7  0.000e+00
          7      9.175     0.7596     2.5130     2.5948     -0.312  29.838842  29.837689     3.6896     3.6888     0.9459      9.260      13220          7  0.000e+00
          7      9.205     0.7596     2.5117     2.5948     -0.308  29.839060  29.837515     3.6897     3.6887     0.9459      9.291      13221          7  0.000e+00
          7      9.218     0.7596     2.5117     2.5948     -0.302  29.839006  29.837457     3.6895     3.6892     0.9459      9.303      13222          7  0.000e+00
          7      9.175     0.7596     2.5117     2.5960     -0.299  29.838897  29.837631     3.6895     3.6890     0.9459      9.260      13223          7  0.000e+00
          7      9.175     0.7596     2.5117     2.5948     -0.298  29.839169  29.837864     3.6897     3.6890     0.9459      9.260      13224          7  0.000e+00
          7      9.205     0.7596     2.5130     2.5948     -0.293  29.839442  29.837748     3.6893     3.6893     0.9398      9.291      13225          7  0.000e+00
          7      9.175     0.7596     2.5130     2.5948     -0.289  29.839441  29.837689     3.6899     3.6895     0.9459      9.260      13226          7  0.000e+00
          7      9.175     0.7596     2.5130     2.5948     -0.284  29.839496  29.837689     3.6897     3.6895     0.9337      9.260      13227          7  0.000e+00
          7      9.175     0.7596     2.5130     2.5948     -0.280  29.839441  29.837864     3.6897     3.6895     0.9276      9.260      13228          7  0.000e+00
          7      9.156     0.7596     2.5117     2.5948     -0.277  29.839496  29.837573     3.6895     3.6893     0.9276      9.241      13229          7  0.000e+00
          7      9.175     0.7596     2.5117     2.5948     -0.270  29.839659  29.837224     3.6897     3.6895     0.9276      9.260      13230          7  0.000e+00
          7      9.175     0.7596     2.5117     2.5960     -0.266  29.839550  29.837515     3.6897     3.6898     0.9276      9.260      13231          7  0.000e+00
          7      9.218     0.7596     2.5130     2.5948     -0.259  29.839877  29.837864     3.6896     3.6897     0.9276      9.303      13232          7  0.000e+00
          7      9.156     0.7596     2.5130     2.5960     -0.253  29.839659  29.837748     3.6897     3.6897     0.9276      9.241      13233          7  0.000e+00
          7      9.175     0.7596     2.5130     2.5960     -0.246  29.839332  29.837689     3.6897     3.6897     0.9276      9.260      13234          7  0.000e+00
          7      9.175     0.7596     2.5117     2.5960     -0.242  29.839605  29.837689     3.6896     3.6893     0.9276      9.260      13235          7  0.000e+00
          7      9.218     0.7596     2.5117     2.5948     -0.232  29.839551  29.837690     3.6895     3.6893     0.9276      9.303      13236          7  0.000e+00
          8      1.463     0.7230     2.5154     2.5996     -0.539  29.835170  29.833826     3.6887     3.6884     0.9337      1.476      14312          8  0.000e+00
          8      1.395     0.7230     2.5142     2.5996     -0.510  29.835060  29.833418     3.6884     3.6885     0.9276      1.408      14313          8  0.000e+00
          8      1.463     0.7230     2.5142     2.5996     -0.479  29.835442  29.833418     3.6883     3.6885     0.9276      1.476      14314          8  0.000e+00
          8      1.395     0.7230     2.5142     2.5996     -0.452  29.835224  29.833476     3.6884     3.6887     0.9337      1.408      14315          8  0.000e+00
          8      1.414     0.7108     2.5142     2.5984     -0.425  29.835496  29.833302     3.6886     3.6888     0.9276      1.427      14316          8  0.000e+00
          8      1.395     0.7230     2.5142     2.5984     -0.395  29.835551  29.833418     3.6885     3.6888     0.9276      1.408      14317          8  0.000e+00
          8      1.463     0.7230     2.5142     2.5984     -0.367  29.835605  29.833477     3.6884     3.6888     0.9337      1.476      14318          8  0.000e+00
          8      1.463     0.7230     2.5154     2.5984     -0.337  29.835333  29.833477     3.6884     3.6888     0.9276      1.476      14319          8  0.000e+00
          8      1.438     0.7230     2.5142     2.5996     -0.309  29.835551  29.833302     3.6883     3.6890     0.9276      1.452      14320          8  0.000e+00
          8      1.463     0.7230     2.5142     2.5996     -0.281  29.835551  29.833418     3.6886     3.6890     0.9337      1.476      14321          8  0.000e+00
          8      1.438     0.7230     2.5142     2.5996     -0.253  29.835605  29.833302     3.6882     3.6890     0.9276      1.452      14322          8  0.000e+00
          8      1.463     0.7230     2.5142     2.5996     -0.224  29.835769  29.833244     3.6883     3.6888     0.9337      1.476      14323          8  0.000e+00
          8      1.481     0.7230     2.5142     2.5984     -0.202  29.835660  29.833419     3.6884     3.6887     0.9276      1.495      14324          8  0.000e+00
          8      1.463     0.7108     2.5142     2.5984     -0.177  29.835333  29.833302     3.6882     3.6890     0.9276      1.476      14325          8  0.000e+00
          8      1.438     0.7108     2.5142     2.5996     -0.154  29.835551  29.833418     3.6883     3.6887     0.9215      1.452      14326          8  0.000e+00
          8      1.506     0.7108     2.5142     2.5996     -0.130  29.835660  29.833477     3.6884     3.6888     0.9276      1.520      14327          8  0.000e+00
          8      1.463     0.7108     2.5142     2.5996     -0.109  29.835769  29.833302     3.6881     3.6888     0.9276      1.476      14328          8  0.000e+00
          8      1.481     0.7108     2.5142     2.5996     -0.089  29.835878  29.833244     3.6883     3.6888     0.9276      1.495      14329          8  0.000e+00
          8      1.506     0.7108     2.5142     2.5996     -0.072  29.835606  29.833419     3.6884     3.6887     0.9276      1.520      14330          8  0.000e+00
          8      1.481     0.7108     2.5142     2.5996     -0.052  29.835823  29.833477     3.6886     3.6888     0.9276      1.495      14331          8  0.000e+00
          8      1.506     0.7108     2.5142     2.5996     -0.032  29.835606  29.833302     3.6883     3.6887     0.9276      1.520      14332          8  0.000e+00
          8      1.530     0.7108     2.5154     2.5996     -0.015  29.835606  29.833244     3.6884     3.6888     0.9276      1.545      14333          8  0.000e+00
          8      1.506     0.7108     2.5154     2.5996      0.000  29.835551  29.833419     3.6884     3.6890     0.9276      1.520      14334          8  0.000e+00
          8      1.481     0.7108     2.5142     2.5996      0.013  29.836041  29.833302     3.6885     3.6888     0.9276      1.495      14335          8  0.000e+00
          8      1.549     0.7108     2.5142     2.5996      0.025  29.835715  29.833419     3.6881     3.6888     0.9276      1.563      14336          8  0.000e+00
          8      1.506     0.7108     2.5142     2.5996      0.037  29.835823  29.833302     3.6884     3.6890     0.9276      1.520      14337          8  0.000e+00
          8      1.530     0.7108     2.5142     2.5996      0.048  29.835932  29.833419     3.6883     3.6888     0.9276      1.545      14338          8  0.000e+00
          8      1.549     0.7108     2.5142     2.5996      0.057  29.835606  29.833302     3.6886     3.6888     0.9276      1.563      14339          8  0.000e+00
          8      1.530     0.7108     2.5154     2.5996      0.065  29.835824  29.833419     3.6882     3.6890     0.9276      1.545      14340          8  0.000e+00
          8      1.598     0.7108     2.5154     2.5996      0.078  29.835824  29.833477     3.6885     3.6887     0.9276      1.613      14341          8  0.000e+00
          8      1.530     0.7108     2.5154     2.5996      0.083  29.835660  29.833477     3.6884     3.6887     0.9276      1.545      14342          8  0.000e+00
          8      1.598     0.7108     2.5154     2.5996      0.092  29.835769  29.833477     3.6884     3.6887     0.9276      1.613      14343          8  0.000e+00
          8      1.573     0.7108     2.5142     2.5996      0.096  29.835878  29.833477     3.6887     3.6887     0.9276      1.588      14344          8  0.000e+00
          8      1.598     0.7108     2.5142     2.5996      0.105  29.835606  29.833652     3.6882     3.6887     0.9276      1.613      14345          8  0.000e+00
          8      1.598     0.7108     2.5142     2.5996      0.109  29.835824  29.833361     3.6882     3.6890     0.9276      1.613      14346          8  0.000e+00
          8      1.616     0.7108     2.5142     2.5996      0.115  29.835933  29.833594     3.6883     3.6887     0.9276      1.631      14347          8  0.000e+00
          8      1.598     0.7108     2.5142     2.5996      0.118  29.835606  29.833768     3.6882     3.6887     0.9276      1.613      14348          8  0.000e+00
          8      1.616     0.7108     2.5142     2.5996      0.121  29.835824  29.833361     3.6884     3.6887     0.9276      1.631      14349          8  0.000e+00
          8      1.641     0.7352     2.5154     2.5996      0.124  29.835824  29.833594     3.6883     3.6888     0.9215      1.656      14350          8  0.000e+00
          8      1.616     0.7718     2.5142     2.5996      0.127  29.835878  29.833535     3.6884     3.6887     0.9154      1.631      14351          8  0.000e+00
          8      1.684     0.7840     2.5142     2.5996      0.131  29.835606  29.833477     3.6884     3.6887     0.9154      1.700      14352          8  0.000e+00
          8      1.616     0.7840     2.5142     2.5996      0.133  29.835824  29.833652     3.6883     3.6888     0.9154      1.631      14353          8  0.000e+00
