staticdata/example_data/profile_data/ctd004.ros
* Sea-Bird SBE 9 Data File:
* FileName = C:\Sea-Bird Data\2018\DY-18-05\CTD\CTD004.hex
* Software Version Seasave V 7.23.2
* Temperature SN = 4379
* Conductivity SN = 042985
* Number of Bytes Per Scan = 37
* Number of Voltage Words = 4
* Number of Scans Averaged by the Deck Unit = 1
* NMEA Latitude = 57 01.08 N
* NMEA Longitude = 164 13.12 W
* NMEA UTC (Time) = May 01 2018  11:36:24
* NMEA baud rate = 4800
# nquan = 15
# nvalues = 392                                   
# units = specified
# name 0 = bpos: Bottle Position in Carousel
# name 1 = depSM: Depth [salt water, m]
# name 2 = flECO-AFL: Fluorescence, WET Labs ECO-AFL/FL [mg/m^3]
# name 3 = sbeox0V: Oxygen raw, SBE 43 [V]
# name 4 = sbeox1V: Oxygen raw, SBE 43, 2 [V]
# name 5 = dz/dtM: Descent Rate [m/s]
# name 6 = c1mS/cm: Conductivity, 2 [mS/cm]
# name 7 = c0mS/cm: Conductivity [mS/cm]
# name 8 = t090C: Temperature [ITS-90, deg C]
# name 9 = t190C: Temperature, 2 [ITS-90, deg C]
# name 10 = turbWETntu0: Turbidity, WET Labs ECO [NTU]
# name 11 = prDM: Pressure, Digiquartz [db]
# name 12 = scan: Scan Count
# name 13 = nbf: Bottles Fired
# name 14 = flag:  0.000e+00
# interval = seconds: 0.0416667
# start_time = May 01 2018 11:36:24 [NMEA time, header]
# bad_flag = -9.990e-29
*END*
          1     62.748     0.7108     2.4909     2.5751     -0.248  29.825163  29.822250     3.6470     3.6478     1.5014     63.340       5663          1  0.000e+00
          1     62.748     0.7108     2.4909     2.5751     -0.258  29.825108  29.822425     3.6470     3.6477     1.5014     63.340       5664          1  0.000e+00
          1     62.748     0.7108     2.4921     2.5751     -0.267  29.824945  29.822309     3.6467     3.6478     1.5014     63.340       5665          1  0.000e+00
          1     62.681     0.7108     2.4909     2.5751     -0.278  29.825271  29.822018     3.6465     3.6479     1.5014     63.271       5666          1  0.000e+00
          1     62.656     0.7108     2.4909     2.5751     -0.290  29.825217  29.821959     3.6465     3.6480     1.5014     63.247       5667          1  0.000e+00
          1     62.656     0.6986     2.4909     2.5739     -0.301  29.825108  29.821959     3.6465     3.6478     1.5014     63.247       5668          1  0.000e+00
          1     62.656     0.6986     2.4909     2.5751     -0.307  29.824781  29.821901     3.6464     3.6478     1.5320     63.247       5669          1  0.000e+00
          1     62.613     0.6864     2.4909     2.5739     -0.318  29.824781  29.822367     3.6464     3.6477     1.5808     63.203       5670          1  0.000e+00
          1     62.588     0.6864     2.4909     2.5739     -0.327  29.824672  29.822308     3.6465     3.6477     1.5991     63.178       5671          1  0.000e+00
          1     62.613     0.6864     2.4909     2.5751     -0.334  29.824345  29.822250     3.6465     3.6475     1.5930     63.203       5672          1  0.000e+00
          1     62.564     0.6864     2.4909     2.5751     -0.343  29.824781  29.822192     3.6464     3.6476     1.5930     63.153       5673          1  0.000e+00
          1     62.564     0.6864     2.4909     2.5739     -0.348  29.824454  29.822017     3.6464     3.6477     1.5930     63.153       5674          1  0.000e+00
          1     62.521     0.6864     2.4909     2.5751     -0.356  29.824781  29.821726     3.6461     3.6475     1.5930     63.110       5675          1  0.000e+00
          1     62.521     0.6864     2.4909     2.5739     -0.361  29.824617  29.821668     3.6460     3.6475     1.5930     63.110       5676          1  0.000e+00
          1     62.545     0.6864     2.4909     2.5751     -0.365  29.824835  29.821493     3.6459     3.6472     1.5930     63.135       5677          1  0.000e+00
          1     62.478     0.6864     2.4909     2.5739     -0.371  29.824617  29.821144     3.6456     3.6473     1.5930     63.066       5678          1  0.000e+00
          1     62.478     0.6864     2.4909     2.5751     -0.375  29.824399  29.821319     3.6456     3.6470     1.5930     63.066       5679          1  0.000e+00
          1     62.478     0.6864     2.4909     2.5751     -0.380  29.824290  29.820970     3.6453     3.6470     1.5930     63.066       5680          1  0.000e+00
          1     62.428     0.6864     2.4909     2.5739     -0.383  29.824127  29.821028     3.6456     3.6472     1.5930     63.017       5681          1  0.000e+00
          1     62.478     0.6864     2.4909     2.5751     -0.384  29.824454  29.821144     3.6456     3.6469     1.5930     63.066       5682          1  0.000e+00
          1     62.410     0.6864     2.4909     2.5739     -0.387  29.824399  29.821086     3.6457     3.6470     1.5930     62.998       5683          1  0.000e+00
          1     62.385     0.6864     2.4909     2.5751     -0.391  29.824290  29.821086     3.6459     3.6472     1.5930     62.973       5684          1  0.000e+00
          1     62.428     0.6864     2.4909     2.5739     -0.389  29.824127  29.821319     3.6461     3.6470     1.5930     63.017       5685          1  0.000e+00
          1     62.385     0.6864     2.4909     2.5739     -0.392  29.824018  29.821202     3.6459     3.6470     1.5930     62.973       5686          1  0.000e+00
          1     62.342     0.6864     2.4909     2.5739     -0.394  29.824072  29.821318     3.6456     3.6470     1.5930     62.930       5687          1  0.000e+00
          1     62.385     0.6864     2.4909     2.5739     -0.393  29.824453  29.821202     3.6454     3.6469     1.5930     62.973       5688          1  0.000e+00
          1     62.361     0.6864     2.4909     2.5727     -0.392  29.824235  29.821144     3.6459     3.6470     1.5930     62.948       5689          1  0.000e+00
          1     62.342     0.6864     2.4909     2.5727     -0.390  29.824018  29.821493     3.6464     3.6470     1.5930     62.930       5690          1  0.000e+00
          1     62.293     0.6864     2.4909     2.5727     -0.391  29.824290  29.821493     3.6467     3.6470     1.5930     62.880       5691          1  0.000e+00
          1     62.293     0.6864     2.4909     2.5727     -0.389  29.824072  29.821784     3.6467     3.6469     1.5930     62.880       5692          1  0.000e+00
          1     62.342     0.6864     2.4909     2.5739     -0.384  29.824072  29.821551     3.6464     3.6469     1.5930     62.930       5693          1  0.000e+00
          1     62.293     0.6864     2.4909     2.5739     -0.383  29.824235  29.821435     3.6461     3.6467     1.5869     62.880       5694          1  0.000e+00
          1     62.274     0.7718     2.4909     2.5727     -0.381  29.823963  29.821435     3.6457     3.6466     1.5137     62.861       5695          1  0.000e+00
          1     62.293     0.8207     2.4909     2.5727     -0.376  29.823527  29.821202     3.6456     3.6467     1.4770     62.880       5696          1  0.000e+00
          1     62.250     0.8207     2.4921     2.5727     -0.371  29.823527  29.821318     3.6456     3.6464     1.4709     62.836       5697          1  0.000e+00
          1     62.250     0.8207     2.4921     2.5727     -0.369  29.823691  29.820969     3.6459     3.6463     1.4770     62.836       5698          1  0.000e+00
          1     62.250     0.8207     2.4909     2.5727     -0.364  29.823799  29.821027     3.6459     3.6463     1.4770     62.836       5699          1  0.000e+00
          1     62.250     0.8207     2.4909     2.5727     -0.358  29.823745  29.821493     3.6460     3.6463     1.4770     62.836       5700          1  0.000e+00
          1     62.225     0.8207     2.4909     2.5727     -0.353  29.823581  29.821609     3.6464     3.6464     1.4770     62.812       5701          1  0.000e+00
          1     62.250     0.8207     2.4909     2.5739     -0.346  29.823690  29.822075     3.6465     3.6464     1.4770     62.836       5702          1  0.000e+00
          1     62.207     0.8207     2.4909     2.5727     -0.344  29.824017  29.822016     3.6465     3.6463     1.4770     62.793       5703          1  0.000e+00
          1     62.207     0.8207     2.4909     2.5727     -0.335  29.823799  29.821725     3.6464     3.6464     1.4770     62.793       5704          1  0.000e+00
          1     62.250     0.8207     2.4909     2.5727     -0.328  29.823745  29.822074     3.6467     3.6463     1.4770     62.836       5705          1  0.000e+00
          1     62.207     0.8207     2.4921     2.5739     -0.320  29.823799  29.822191     3.6467     3.6466     1.4770     62.793       5706          1  0.000e+00
          1     62.207     0.8207     2.4921     2.5727     -0.315  29.823745  29.822016     3.6464     3.6466     1.4770     62.793       5707          1  0.000e+00
          1     62.182     0.8207     2.4921     2.5727     -0.307  29.823799  29.821551     3.6462     3.6466     1.4770     62.768       5708          1  0.000e+00
          1     62.207     0.8207     2.4921     2.5727     -0.298  29.823745  29.821434     3.6463     3.6463     1.4770     62.793       5709          1  0.000e+00
          1     62.207     0.8085     2.4921     2.5727     -0.294  29.823418  29.821609     3.6462     3.6463     1.4770     62.793       5710          1  0.000e+00
          1     62.157     0.8207     2.4921     2.5727     -0.290  29.823799  29.821609     3.6464     3.6463     1.4770     62.743       5711          1  0.000e+00
          2     49.728     0.6986     2.4958     2.5776     -0.173  29.840813  29.836993     3.6708     3.6713     1.1413     50.195       7394          2  0.000e+00
          2     49.728     0.6986     2.4958     2.5776     -0.185  29.839506  29.837401     3.6715     3.6687     1.1474     50.195       7395          2  0.000e+00
          2     49.728     0.6986     2.4970     2.5776     -0.183  29.837817  29.838623     3.6723     3.6679     1.1474     50.195       7396          2  0.000e+00
          2     49.679     0.6986     2.4970     2.5776     -0.191  29.836782  29.839147     3.6724     3.6676     1.1474     50.146       7397          2  0.000e+00
          2     49.728     0.6986     2.4958     2.5776     -0.195  29.836782  29.839205     3.6724     3.6670     1.1474     50.195       7398          2  0.000e+00
          2     49.648     0.6742     2.4982     2.5776     -0.199  29.837108  29.838797     3.6721     3.6676     1.1413     50.115       7399          2  0.000e+00
          2     49.679     0.6986     2.4958     2.5776     -0.204  29.837381  29.839263     3.6724     3.6683     1.1474     50.146       7400          2  0.000e+00
          2     49.679     0.6986     2.4970     2.5776     -0.206  29.838797  29.839496     3.6726     3.6696     1.1474     50.146       7401          2  0.000e+00
          2     49.679     0.6986     2.4982     2.5776     -0.209  29.839778  29.839263     3.6721     3.6707     1.1474     50.146       7402          2  0.000e+00
          2     49.636     0.6986     2.4982     2.5776     -0.214  29.839451  29.839030     3.6717     3.6709     1.1474     50.102       7403          2  0.000e+00
          2     49.636     0.6986     2.4958     2.5776     -0.218  29.839560  29.837924     3.6701     3.6710     1.1474     50.102       7404          2  0.000e+00
          2     49.648     0.6742     2.4958     2.5776     -0.219  29.839996  29.837110     3.6697     3.6712     1.1474     50.115       7405          2  0.000e+00
          2     49.593     0.7108     2.4982     2.5776     -0.223  29.840159  29.836527     3.6694     3.6713     1.1596     50.059       7406          2  0.000e+00
          2     49.636     0.7108     2.4982     2.5788     -0.224  29.840159  29.837284     3.6703     3.6715     1.1657     50.102       7407          2  0.000e+00
          2     49.593     0.7108     2.4958     2.5801     -0.226  29.840813  29.837342     3.6700     3.6718     1.1657     50.059       7408          2  0.000e+00
          2     49.636     0.7108     2.4970     2.5776     -0.228  29.841031  29.837459     3.6700     3.6720     1.1657     50.102       7409          2  0.000e+00
          2     49.593     0.7108     2.4982     2.5776     -0.228  29.840976  29.838390     3.6717     3.6718     1.1596     50.059       7410          2  0.000e+00
          2     49.605     0.7108     2.4958     2.5776     -0.229  29.840159  29.840136     3.6737     3.6706     1.1657     50.071       7411          2  0.000e+00
          2     49.593     0.7108     2.4970     2.5776     -0.226  29.838416  29.841882     3.6751     3.6686     1.1596     50.059       7412          2  0.000e+00
          2     49.593     0.7108     2.4982     2.5776     -0.226  29.838198  29.842697     3.6761     3.6688     1.1596     50.059       7413          2  0.000e+00
          2     49.593     0.7108     2.4958     2.5776     -0.225  29.839233  29.842638     3.6763     3.6693     1.1657     50.059       7414          2  0.000e+00
          2     49.593     0.7108     2.4958     2.5788     -0.223  29.839614  29.840427     3.6745     3.6698     1.1596     50.059       7415          2  0.000e+00
          2     49.593     0.7108     2.4982     2.5776     -0.219  29.839832  29.838739     3.6719     3.6704     1.1596     50.059       7416          2  0.000e+00
          2     49.556     0.7108     2.4970     2.5801     -0.217  29.840922  29.837749     3.6707     3.6729     1.1596     50.021       7417          2  0.000e+00
          2     49.593     0.7108     2.4946     2.5776     -0.214  29.842720  29.837342     3.6703     3.6745     1.1657     50.059       7418          2  0.000e+00
          2     49.593     0.7108     2.4970     2.5776     -0.210  29.842338  29.836586     3.6698     3.6742     1.1596     50.059       7419          2  0.000e+00
          2     49.593     0.7108     2.4958     2.5801     -0.206  29.842120  29.836411     3.6697     3.6734     1.1657     50.059       7420          2  0.000e+00
          2     49.544     0.7108     2.4958     2.5801     -0.204  29.842066  29.836411     3.6693     3.6734     1.1596     50.009       7421          2  0.000e+00
          2     49.605     0.7108     2.4982     2.5776     -0.197  29.841902  29.835538     3.6674     3.6731     1.1596     50.071       7422          2  0.000e+00
          2     49.593     0.7108     2.4982     2.5801     -0.193  29.841576  29.833618     3.6652     3.6723     1.1596     50.059       7423          2  0.000e+00
          2     49.593     0.7108     2.4982     2.5801     -0.184  29.840540  29.832628     3.6650     3.6710     1.1657     50.059       7424          2  0.000e+00
          2     49.593     0.7108     2.4958     2.5776     -0.178  29.839560  29.832512     3.6644     3.6702     1.1657     50.059       7425          2  0.000e+00
          2     49.593     0.7108     2.4958     2.5776     -0.172  29.838688  29.832104     3.6644     3.6690     1.1657     50.059       7426          2  0.000e+00
          2     49.636     0.7108     2.4982     2.5801     -0.162  29.837490  29.832570     3.6651     3.6669     1.1657     50.102       7427          2  0.000e+00
          2     49.605     0.7108     2.4982     2.5801     -0.153  29.835637  29.833850     3.6666     3.6652     1.1596     50.071       7428          2  0.000e+00
          2     49.636     0.7108     2.4982     2.5801     -0.141  29.834602  29.834782     3.6666     3.6645     1.1596     50.102       7429          2  0.000e+00
          2     49.636     0.7108     2.4982     2.5801     -0.131  29.834330  29.833560     3.6643     3.6645     1.1596     50.102       7430          2  0.000e+00
          2     49.636     0.6986     2.4958     2.5788     -0.121  29.834003  29.831406     3.6618     3.6639     1.1840     50.102       7431          2  0.000e+00
          2     49.636     0.6864     2.4970     2.5801     -0.113  29.832914  29.830010     3.6610     3.6623     1.2023     50.102       7432          2  0.000e+00
          2     49.679     0.6742     2.4982     2.5788     -0.100  29.831498  29.828671     3.6594     3.6609     1.2084     50.146       7433          2  0.000e+00
          2     49.648     0.6864     2.4970     2.5801     -0.090  29.830789  29.827042     3.6579     3.6601     1.2084     50.115       7434          2  0.000e+00
          2     49.679     0.6742     2.4958     2.5788     -0.079  29.829591  29.825762     3.6566     3.6589     1.2084     50.146       7435          2  0.000e+00
          2     49.728     0.6864     2.4958     2.5801     -0.066  29.829046  29.824889     3.6561     3.6583     1.2084     50.195       7436          2  0.000e+00
          2     49.728     0.6864     2.4982     2.5788     -0.054  29.830190  29.824482     3.6552     3.6595     1.2023     50.195       7437          2  0.000e+00
          2     49.728     0.6742     2.4982     2.5788     -0.039  29.830572  29.824424     3.6548     3.6598     1.2084     50.195       7438          2  0.000e+00
          2     49.728     0.6864     2.4958     2.5801     -0.026  29.830245  29.824191     3.6545     3.6595     1.2084     50.195       7439          2  0.000e+00
          2     49.784     0.6864     2.4958     2.5788     -0.011  29.829210  29.823493     3.6544     3.6577     1.2084     50.251       7440          2  0.000e+00
