staticdata/example_data/profile_data/CTD003.ros
* Sea-Bird SBE 9 Data File:
* FileName = C:\Sea-Bird Data\2018\DY-18-05\CTD\CTD003.hex
* Software Version Seasave V 7.23.2
* Temperature SN = 4379
* Conductivity SN = 042985
* Number of Bytes Per Scan = 37
* Number of Voltage Words = 4
* Number of Scans Averaged by the Deck Unit = 1
* NMEA Latitude = 56 40.21 N
* NMEA Longitude = 163 51.94 W
* NMEA UTC (Time) = May 01 2018  07:57:30
* NMEA baud rate = 4800
# nquan = 15
# nvalues = 343                                   
# units = specified
# name 0 = bpos: Bottle Position in Carousel
# name 1 = depSM: Depth [salt water, m]
# name 2 = flECO-AFL: Fluorescence, WET Labs ECO-AFL/FL [mg/m^3]
# name 3 = sbeox0V: Oxygen raw, SBE 43 [V]
# name 4 = sbeox1V: Oxygen raw, SBE 43, 2 [V]
# name 5 = dz/dtM: Descent Rate [m/s]
# name 6 = c1mS/cm: Conductivity, 2 [mS/cm]
# name 7 = c0mS/cm: Conductivity [mS/cm]
# name 8 = t090C: Temperature [ITS-90, deg C]
# name 9 = t190C: Temperature, 2 [ITS-90, deg C]
# name 10 = turbWETntu0: Turbidity, WET Labs ECO [NTU]
# name 11 = prDM: Pressure, Digiquartz [db]
# name 12 = scan: Scan Count
# name 13 = nbf: Bottles Fired
# name 14 = flag:  0.000e+00
# interval = seconds: 0.0416667
# start_time = May 01 2018 07:57:30 [NMEA time, header]
# bad_flag = -9.990e-29
*END*
[from data line 97]
          2     49.463     0.8695     2.5044     2.5948     -0.853  29.590110  29.586375     3.4126     3.4148     0.7078     49.926       9154          2  0.000e+00
          3     41.112     0.9428     2.8842     2.5960      0.543  29.585741  29.583972     3.4138     3.4141     0.6773     41.496      10466          3  0.000e+00
          3     41.106     0.9550     1.9902     2.5948      0.541  29.586230  29.584030     3.4142     3.4150     0.6773     41.490      10467          3  0.000e+00
          3     41.204     0.9550     3.0332     2.5948      0.542  29.586393  29.584436     3.4143     3.4147     0.6773     41.589      10468          3  0.000e+00
          3     41.155     0.9550     1.8888     2.5948      0.540  29.586447  29.584378     3.4142     3.4145     0.6773     41.540      10469          3  0.000e+00
          3     41.198     0.9428     3.0003     2.5960      0.538  29.586610  29.584088     3.4142     3.4151     0.6834     41.583      10470          3  0.000e+00
          3     41.204     0.9306     1.9890     2.5960      0.536  29.587099  29.584436     3.4141     3.4156     0.7383     41.589      10471          3  0.000e+00
          3     41.198     0.9184     2.8049     2.5948      0.532  29.586610  29.584146     3.4142     3.4150     0.7688     41.583      10472          3  0.000e+00
          3     41.247     0.9306     2.2614     2.5948      0.530  29.586230  29.584030     3.4139     3.4142     0.7688     41.633      10473          3  0.000e+00
          3     41.290     0.9306     2.5154     2.5948      0.529  29.585525  29.583856     3.4138     3.4129     0.7688     41.676      10474          3  0.000e+00
          3     41.241     0.9306     2.6033     2.5960      0.525  29.584547  29.583798     3.4136     3.4123     0.7688     41.626      10475          3  0.000e+00
          3     41.297     0.9306     2.2162     2.5948      0.521  29.584276  29.583334     3.4131     3.4120     0.7688     41.682      10476          3  0.000e+00
          3     41.333     0.9306     2.8928     2.5948      0.521  29.584601  29.583218     3.4131     3.4122     0.7688     41.720      10477          3  0.000e+00
          3     41.340     0.9306     1.9841     2.5948      0.517  29.584384  29.583392     3.4134     3.4120     0.7688     41.726      10478          3  0.000e+00
          3     41.333     0.9306     3.0357     2.5948      0.511  29.584276  29.583682     3.4137     3.4120     0.7688     41.720      10479          3  0.000e+00
          3     41.333     0.9306     1.8876     2.5948      0.505  29.583787  29.583973     3.4138     3.4115     0.7688     41.720      10480          3  0.000e+00
          3     41.383     0.9306     2.9954     2.5948      0.503  29.583896  29.583857     3.4137     3.4113     0.7688     41.769      10481          3  0.000e+00
          3     41.377     0.9306     1.9963     2.5948      0.498  29.583896  29.583973     3.4136     3.4116     0.7688     41.763      10482          3  0.000e+00
          3     41.475     0.9306     2.7951     2.5948      0.496  29.583950  29.584437     3.4139     3.4113     0.7688     41.863      10483          3  0.000e+00
          3     41.377     0.9306     2.2736     2.5948      0.488  29.584167  29.584147     3.4137     3.4122     0.7688     41.763      10484          3  0.000e+00
          3     41.426     0.9306     2.5044     2.5948      0.484  29.584439  29.584031     3.4136     3.4123     0.7688     41.813      10485          3  0.000e+00
          3     41.432     0.9306     2.6143     2.5948      0.477  29.584547  29.584031     3.4129     3.4129     0.7688     41.819      10486          3  0.000e+00
          3     41.469     0.9306     2.2101     2.5948      0.471  29.585308  29.583161     3.4125     3.4129     0.7688     41.856      10487          3  0.000e+00
          3     41.512     0.9306     2.8989     2.5948      0.467  29.585416  29.582523     3.4121     3.4132     0.7688     41.900      10488          3  0.000e+00
          3     41.475     0.9306     1.9817     2.5948      0.462  29.585362  29.581942     3.4118     3.4131     0.7688     41.863      10489          3  0.000e+00
          3     41.469     0.9306     3.0369     2.5948      0.454  29.585145  29.582000     3.4117     3.4132     0.7688     41.856      10490          3  0.000e+00
          3     41.567     0.9306     1.8888     2.5948      0.452  29.585254  29.581885     3.4114     3.4132     0.7688     41.956      10491          3  0.000e+00
          3     41.512     0.9306     2.9929     2.5948      0.445  29.585036  29.581827     3.4112     3.4126     0.7688     41.900      10492          3  0.000e+00
          3     41.561     0.9306     1.9988     2.5948      0.441  29.584656  29.581827     3.4112     3.4123     0.7688     41.949      10493          3  0.000e+00
          3     41.518     0.9306     2.7926     2.5948      0.435  29.584113  29.581595     3.4115     3.4118     0.7688     41.906      10494          3  0.000e+00
          3     41.604     0.9306     2.2760     2.5948      0.430  29.584385  29.581943     3.4115     3.4125     0.7688     41.993      10495          3  0.000e+00
          3     41.604     0.9550     2.5020     2.5948      0.427  29.585688  29.582291     3.4118     3.4150     0.7383     41.993      10496          3  0.000e+00
          3     41.567     0.9672     2.6180     2.5948      0.418  29.587589  29.582755     3.4125     3.4163     0.6956     41.956      10497          3  0.000e+00
          3     41.604     1.0038     2.2052     2.5948      0.414  29.587860  29.583103     3.4125     3.4170     0.6834     41.993      10498          3  0.000e+00
          3     41.610     0.9916     2.9026     2.5948      0.409  29.588404  29.583393     3.4128     3.4167     0.6834     41.999      10499          3  0.000e+00
          3     41.647     0.9916     1.9756     2.5948      0.404  29.587372  29.583277     3.4129     3.4153     0.6834     42.036      10500          3  0.000e+00
          3     41.647     0.9794     3.0394     2.5948      0.399  29.586557  29.582813     3.4121     3.4139     0.6834     42.036      10501          3  0.000e+00
          3     41.653     1.0038     1.8852     2.5948      0.393  29.585580  29.582465     3.4120     3.4132     0.6834     42.043      10502          3  0.000e+00
          3     41.647     0.9916     2.9893     2.5948      0.387  29.585308  29.582175     3.4117     3.4135     0.6834     42.036      10503          3  0.000e+00
          3     41.703     0.9916     2.0049     2.5948      0.383  29.584928  29.582117     3.4118     3.4134     0.6834     42.092      10504          3  0.000e+00
          3     41.697     0.9916     2.7804     2.5948      0.379  29.584982  29.582523     3.4120     3.4139     0.6834     42.086      10505          3  0.000e+00
          3     41.697     0.9916     2.2919     2.5948      0.373  29.585254  29.582001     3.4115     3.4137     0.6834     42.086      10506          3  0.000e+00
          3     41.703     0.9916     2.4836     2.5948      0.369  29.584928  29.582001     3.4118     3.4132     0.6834     42.092      10507          3  0.000e+00
          3     41.697     0.9916     2.6351     2.5948      0.362  29.584820  29.581885     3.4117     3.4126     0.6834     42.086      10508          3  0.000e+00
          3     41.740     0.9916     2.1893     2.5948      0.359  29.584603  29.581827     3.4115     3.4120     0.6834     42.130      10509          3  0.000e+00
          3     41.746     0.9916     2.9148     2.5948      0.351  29.584711  29.581595     3.4110     3.4128     0.6834     42.136      10510          3  0.000e+00
          3     41.740     0.9916     1.9658     2.5948      0.347  29.584711  29.581537     3.4110     3.4123     0.6834     42.130      10511          3  0.000e+00
          3     41.746     1.0038     3.0406     2.5948      0.342  29.584548  29.581537     3.4106     3.4123     0.6834     42.136      10512          3  0.000e+00
          3     41.740     1.0038     1.8876     2.5948      0.334  29.584331  29.581363     3.4107     3.4120     0.6834     42.130      10513          3  0.000e+00
          3     41.783     0.9916     2.9832     2.5948      0.330  29.584440  29.581479     3.4106     3.4122     0.6834     42.173      10514          3  0.000e+00
          4     33.973     1.2969     2.3505     2.6180      1.217  29.633359  29.632988     3.4724     3.4709     0.5002     34.290      11913          4  0.000e+00
          4     34.065     1.2969     2.8610     2.6180      1.222  29.633360  29.631537     3.4707     3.4707     0.5002     34.383      11914          4  0.000e+00
          4     34.065     1.2969     1.9939     2.6180      1.223  29.631023  29.632001     3.4720     3.4666     0.5002     34.383      11915          4  0.000e+00
          4     34.059     1.2969     3.1163     2.6180      1.221  29.627383  29.633162     3.4732     3.4630     0.5002     34.377      11916          4  0.000e+00
          4     34.108     1.2969     1.8498     2.6180      1.217  29.624612  29.633046     3.4725     3.4593     0.5002     34.426      11917          4  0.000e+00
          4     34.151     1.2969     3.0186     2.6180      1.212  29.621787  29.631305     3.4696     3.4559     0.5002     34.470      11918          4  0.000e+00
          4     34.151     1.2847     2.0794     2.6180      1.204  29.618908  29.628809     3.4673     3.4526     0.5002     34.470      11919          4  0.000e+00
          4     34.194     1.2969     2.6583     2.6180      1.193  29.617170  29.626487     3.4648     3.4511     0.5002     34.513      11920          4  0.000e+00
          4     34.244     1.2847     2.5411     2.6180      1.185  29.616844  29.625559     3.4639     3.4507     0.5002     34.563      11921          4  0.000e+00
          4     34.244     1.2847     2.2382     2.6168      1.172  29.618310  29.625443     3.4636     3.4527     0.5002     34.563      11922          4  0.000e+00
          4     34.244     1.2969     2.9624     2.6168      1.158  29.619614  29.624398     3.4617     3.4545     0.5002     34.563      11923          4  0.000e+00
          4     34.287     1.2969     1.9219     2.6168      1.142  29.619669  29.621090     3.4574     3.4540     0.5002     34.606      11924          4  0.000e+00
          4     34.287     1.2969     3.1248     2.6168      1.125  29.618800  29.617375     3.4535     3.4529     0.5002     34.606      11925          4  0.000e+00
          4     34.287     1.2602     1.8755     2.6168      1.107  29.618528  29.615112     3.4510     3.4534     0.5185     34.606      11926          4  0.000e+00
          4     34.330     1.2480     2.9306     2.6168      1.085  29.619343  29.614009     3.4499     3.4546     0.5369     34.650      11927          4  0.000e+00
          4     34.287     1.2358     2.2028     2.6168      1.059  29.619832  29.613951     3.4496     3.4551     0.5369     34.606      11928          4  0.000e+00
          4     34.336     1.2480     2.5313     2.6168      1.039  29.619886  29.614009     3.4502     3.4551     0.5369     34.656      11929          4  0.000e+00
          4     34.330     1.2480     2.6815     2.6168      1.011  29.619669  29.614415     3.4508     3.4552     0.5369     34.650      11930          4  0.000e+00
          4     34.379     1.2480     2.1258     2.6168      0.989  29.619995  29.614880     3.4512     3.4552     0.5369     34.700      11931          4  0.000e+00
          4     34.330     1.2480     3.0454     2.6168      0.960  29.620321  29.614880     3.4515     3.4554     0.5369     34.650      11932          4  0.000e+00
          4     34.336     1.2480     1.8694     2.6156      0.930  29.620592  29.614415     3.4509     3.4557     0.5369     34.656      11933          4  0.000e+00
          4     34.330     1.2480     3.1004     2.6168      0.900  29.620484  29.614299     3.4504     3.4559     0.5369     34.650      11934          4  0.000e+00
          4     34.379     1.2480     1.9377     2.6168      0.869  29.620593  29.614299     3.4505     3.4560     0.5369     34.700      11935          4  0.000e+00
          4     34.336     1.2480     2.8244     2.6156      0.836  29.620484  29.614996     3.4515     3.4564     0.5369     34.656      11936          4  0.000e+00
          4     34.330     1.2480     2.3408     2.6168      0.802  29.619995  29.616156     3.4527     3.4559     0.5369     34.650      11937          4  0.000e+00
          4     34.336     1.2480     2.4055     2.6156      0.767  29.619506  29.617549     3.4534     3.4554     0.5369     34.656      11938          4  0.000e+00
          4     34.287     1.2480     2.8073     2.6168      0.728  29.619940  29.618072     3.4541     3.4552     0.5369     34.606      11939          4  0.000e+00
          4     34.287     1.2480     2.0281     2.6156      0.692  29.620158  29.617781     3.4534     3.4557     0.5369     34.606      11940          4  0.000e+00
          4     34.336     1.2480     3.0943     2.6168      0.657  29.620538  29.617956     3.4550     3.4560     0.5369     34.656      11941          4  0.000e+00
          4     34.244     1.2480     1.8486     2.6168      0.617  29.620049  29.620857     3.4602     3.4554     0.5369     34.563      11942          4  0.000e+00
          4     34.244     1.2480     3.0516     2.6156      0.579  29.620049  29.624920     3.4655     3.4549     0.5369     34.563      11943          4  0.000e+00
          4     34.194     1.2480     2.0220     2.6156      0.535  29.620755  29.628461     3.4696     3.4564     0.5369     34.513      11944          4  0.000e+00
          4     34.201     1.2480     2.7218     2.6168      0.495  29.620538  29.632292     3.4746     3.4559     0.5369     34.520      11945          4  0.000e+00
          4     34.151     1.2480     2.4788     2.6168      0.452  29.621026  29.636529     3.4793     3.4574     0.5369     34.470      11946          4  0.000e+00
          4     34.151     1.2480     2.2907     2.6156      0.412  29.622873  29.641174     3.4849     3.4611     0.5369     34.470      11947          4  0.000e+00
          4     34.065     1.2480     2.9197     2.6168      0.365  29.624558  29.646979     3.4936     3.4622     0.5369     34.383      11948          4  0.000e+00
          4     34.059     1.2480     1.9451     2.6156      0.322  29.625644  29.652204     3.5005     3.4627     0.5369     34.377      11949          4  0.000e+00
          4     34.016     1.2480     3.1236     2.6156      0.278  29.626079  29.655166     3.5032     3.4639     0.5369     34.333      11950          4  0.000e+00
          4     34.016     1.2358     1.8571     2.6156      0.235  29.627165  29.656559     3.5040     3.4650     0.5308     34.333      11951          4  0.000e+00
          4     33.973     1.1992     2.9636     2.6156      0.188  29.627763  29.657604     3.5052     3.4665     0.5063     34.290      11952          4  0.000e+00
          4     33.881     1.1870     2.1539     2.6156      0.143  29.629067  29.658940     3.5073     3.4677     0.4941     34.197      11953          4  0.000e+00
          4     33.881     1.1870     2.5728     2.6156      0.094  29.630479  29.660565     3.5093     3.4699     0.4941     34.197      11954          4  0.000e+00
          4     33.838     1.1870     2.6351     2.6156      0.051  29.632272  29.662598     3.5116     3.4731     0.4941     34.153      11955          4  0.000e+00
          4     33.788     1.1992     2.1576     2.6156      0.002  29.635423  29.663643     3.5126     3.4773     0.4941     34.103      11956          4  0.000e+00
          4     33.745     1.1992     3.0222     2.6156     -0.042  29.638629  29.663759     3.5121     3.4804     0.4941     34.060      11957          4  0.000e+00
