staticdata/example_data/profile_data/ctd003.cnv
* Sea-Bird SBE 9 Data File:
* FileName = C:\Sea-Bird Data\2018\DY-18-05\CTD\CTD003.hex
* Software Version Seasave V 7.23.2
* Temperature SN = 4379
* Conductivity SN = 042985
* Number of Bytes Per Scan = 37
* Number of Voltage Words = 4
* Number of Scans Averaged by the Deck Unit = 1
* NMEA Latitude = 56 40.21 N
* NMEA Longitude = 163 51.94 W
* NMEA UTC (Time) = May 01 2018  07:57:30
* NMEA baud rate = 4800
# nquan = 23
# nvalues = 68                          
# units = specified
# name 0 = c0mS/cm: Conductivity [mS/cm]
# name 1 = c1mS/cm: Conductivity, 2 [mS/cm]
# name 2 = flECO-AFL: Fluorescence, WET Labs ECO-AFL/FL [mg/m^3]
# name 3 = sbeox0V: Oxygen raw, SBE 43 [V]
# name 4 = t090C: Temperature [ITS-90, deg C]
# name 5 = t190C: Temperature, 2 [ITS-90, deg C]
# name 6 = timeS: Time, Elapsed [seconds]
# name 7 = prDM: Pressure, Digiquartz [db]
# name 8 = sbeox1V: Oxygen raw, SBE 43, 2 [V]
# name 9 = par: PAR/Irradiance, Biospherical/Licor
# name 10 = turbWETntu0: Turbidity, WET Labs ECO [NTU]
# name 11 = sal00: Salinity, Practical [PSU]
# name 12 = sal11: Salinity, Practical, 2 [PSU]
# name 13 = sigma-t00: Density [sigma-t, kg/m^3 ]
# name 14 = sigma-t11: Density, 2 [sigma-t, kg/m^3 ]
# name 15 = sbeox0ML/L: Oxygen, SBE 43 [ml/l], WS = 2
# name 16 = sbox0Mm/Kg: Oxygen, SBE 43 [umol/kg], WS = 2
# name 17 = sbeox0PS: Oxygen, SBE 43 [% saturation], WS = 2
# name 18 = sbeox1ML/L: Oxygen, SBE 43, 2 [ml/l], WS = 2
# name 19 = sbox1Mm/Kg: Oxygen, SBE 43, 2 [umol/kg], WS = 2
# name 20 = sbeox1PS: Oxygen, SBE 43, 2 [% saturation], WS = 2
# name 21 = nbin: number of scans per bin
# name 22 = flag: flag
# span 0 =  29.574496,  29.701842       
# span 1 =  29.576377,  29.703182       
# span 2 =     0.8995,     1.3207       
# span 3 =     2.5042,     2.5439       
# span 4 =     3.3928,     3.5645       
# span 5 =     3.3927,     3.5630       
# span 6 =     70.544,    264.876       
# span 7 =      5.000,     72.000       
# span 8 =     2.5872,     2.6305       
# span 9 = 2.1011e-01, 4.7978e-01       
# span 10 =     0.4442,     0.9754      
# span 11 =    32.0316,    32.0387      
# span 12 =    32.0341,    32.0412      
# span 13 =    25.4719,    25.4826      
# span 14 =    25.4740,    25.4845      
# span 15 =     7.3707,     7.4386      
# span 16 =    320.997,    323.958      
# span 17 =     98.259,     99.577      
# span 18 =     7.3455,     7.4259      
# span 19 =    319.899,    323.404      
# span 20 =     97.978,     99.399      
# span 21 =         13,         80      
# span 22 = 0.0000e+00, 0.0000e+00      
# interval = decibars: 1                
# start_time = May 01 2018 07:57:30 [NMEA time, header]
# bad_flag = -9.990e-29
*END*
  29.692003  29.694144     1.2956     2.5439     3.5597     3.5599     70.544      5.000     2.6305 4.1665e-01     0.4785    32.0384    32.0407    25.4723    25.4741     7.4261    323.411     99.397     7.4189    323.096     99.302         13 0.0000e+00
  29.691980  29.694505     1.2915     2.5435     3.5589     3.5595     71.537      6.000     2.6300 4.7978e-01     0.4948    32.0386    32.0410    25.4726    25.4744     7.4288    323.528     99.431     7.4124    322.814     99.215         25 0.0000e+00
  29.692354  29.694643     1.2881     2.5434     3.5589     3.5592     73.593      7.000     2.6298 4.4105e-01     0.4682    32.0386    32.0410    25.4725    25.4744     7.4278    323.486     99.418     7.4130    322.839     99.222         49 0.0000e+00
  29.692635  29.694755     1.3207     2.5436     3.5586     3.5590     78.556      8.000     2.6291 2.8613e-01     0.4786    32.0386    32.0408    25.4726    25.4743     7.4321    323.672     99.475     7.4119    322.792     99.207         48 0.0000e+00
  29.693151  29.695536     1.2978     2.5432     3.5589     3.5593     80.798      9.000     2.6290 2.6551e-01     0.4853    32.0385    32.0409    25.4725    25.4744     7.4287    323.526     99.430     7.4113    322.765     99.199         66 0.0000e+00
  29.694022  29.695754     1.3053     2.5428     3.5594     3.5592     83.885     10.000     2.6290 2.4508e-01     0.4442    32.0384    32.0407    25.4724    25.4742     7.4302    323.589     99.451     7.4122    322.806     99.212         44 0.0000e+00
  29.695385  29.697327     1.2668     2.5429     3.5604     3.5602     85.045     11.000     2.6286 2.2797e-01     0.4651    32.0386    32.0411    25.4724    25.4744     7.4320    323.670     99.478     7.4107    322.739     99.193         28 0.0000e+00
  29.695949  29.698191     1.2723     2.5428     3.5606     3.5607     87.932     12.000     2.6287 2.1425e-01     0.4701    32.0386    32.0411    25.4724    25.4744     7.4318    323.660     99.476     7.4162    322.981     99.269         38 0.0000e+00
  29.696179  29.698604     1.2174     2.5426     3.5602     3.5607     92.059     13.000     2.6297 2.1018e-01     0.4739    32.0387    32.0411    25.4725    25.4744     7.4293    323.551     99.441     7.4259    323.404     99.399         28 0.0000e+00
  29.696740  29.699024     1.2514     2.5421     3.5604     3.5608     93.635     14.000     2.6298 2.1012e-01     0.4557    32.0387    32.0410    25.4725    25.4743     7.4300    323.583     99.452     7.4170    323.013     99.279         52 0.0000e+00
  29.697219  29.699469     1.2929     2.5412     3.5606     3.5608     97.762     15.000     2.6283 2.1013e-01     0.4521    32.0386    32.0410    25.4724    25.4743     7.4263    323.422     99.402     7.4107    322.740     99.195         50 0.0000e+00
  29.697239  29.699608     1.2900     2.5409     3.5601     3.5606    101.040     16.000     2.6266 2.1013e-01     0.4611    32.0386    32.0409    25.4724    25.4742     7.4307    323.613     99.460     7.4006    322.300     99.059         51 0.0000e+00
  29.698633  29.700564     1.3032     2.5416     3.5611     3.5610    102.937     17.000     2.6239 2.1012e-01     0.4847    32.0387    32.0411    25.4724    25.4743     7.4366    323.869     99.541     7.3986    322.213     99.034         31 0.0000e+00
  29.701842  29.702263     1.2873     2.5423     3.5645     3.5626    105.003     18.000     2.6248 2.1013e-01     0.4805    32.0386    32.0410    25.4720    25.4741     7.4386    323.958     99.577     7.4113    322.768     99.209         40 0.0000e+00
  29.700437  29.702955     1.2869     2.5412     3.5627     3.5630    109.446     19.000     2.6273 2.1013e-01     0.4833    32.0382    32.0409    25.4719    25.4740     7.4344    323.775     99.516     7.4025    322.382     99.091         22 0.0000e+00
  29.700576  29.703182     1.2650     2.5415     3.5619     3.5627    110.541     20.000     2.6253 2.1012e-01     0.4704    32.0387    32.0410    25.4723    25.4741     7.4337    323.741     99.504     7.3983    322.201     99.034         37 0.0000e+00
  29.700395  29.701555     1.2692     2.5402     3.5611     3.5602    115.114     21.000     2.6243 2.1012e-01     0.4571    32.0387    32.0410    25.4724    25.4744     7.4357    323.828     99.529     7.4053    322.504     99.121         28 0.0000e+00
  29.700212  29.703097     1.2945     2.5409     3.5604     3.5614    116.198     22.000     2.6239 2.1013e-01     0.4721    32.0386    32.0411    25.4724    25.4743     7.4364    323.861     99.537     7.4064    322.553     99.139         31 0.0000e+00
  29.699423  29.702602     1.2499     2.5401     3.5590     3.5602    121.391     23.000     2.6239 2.1013e-01     0.4722    32.0386    32.0412    25.4725    25.4745     7.4361    323.850     99.530     7.3937    321.998     98.966         20 0.0000e+00
  29.696599  29.698327     1.2525     2.5404     3.5550     3.5547    122.499     24.000     2.6240 2.1013e-01     0.4758    32.0386    32.0410    25.4729    25.4748     7.4330    323.711     99.478     7.4101    322.712     99.172         19 0.0000e+00
  29.699493  29.700279     1.2467     2.5397     3.5581     3.5568    123.429     25.000     2.6239 2.1013e-01     0.4721    32.0385    32.0407    25.4726    25.4744     7.4306    323.606     99.453     7.4103    322.724     99.181         27 0.0000e+00
  29.692777  29.696490     1.2525     2.5387     3.5494     3.5517    127.680     26.000     2.6238 2.1013e-01     0.4776    32.0386    32.0407    25.4734    25.4749     7.4287    323.524     99.407     7.4112    322.760     99.179         32 0.0000e+00
  29.693091  29.696496     1.2727     2.5370     3.5496     3.5511    131.523     27.000     2.6239 2.1013e-01     0.4944    32.0383    32.0408    25.4731    25.4750     7.4211    323.194     99.306     7.4138    322.874     99.213         17 0.0000e+00
  29.683915  29.685622     1.2443     2.5366     3.5381     3.5376    132.248     28.000     2.6239 2.1013e-01     0.4755    32.0381    32.0406    25.4740    25.4761     7.4250    323.361     99.329     7.4174    323.034     99.229         23 0.0000e+00
  29.678081  29.680733     1.2461     2.5357     3.5308     3.5315    136.593     29.000     2.6227 2.1013e-01     0.4778    32.0378    32.0403    25.4745    25.4764     7.4275    323.472     99.345     7.4035    322.428     99.028         41 0.0000e+00
  29.683378  29.686473     1.2688     2.5348     3.5368     3.5382    140.666     30.000     2.6194 2.1012e-01     0.4804    32.0378    32.0400    25.4739    25.4756     7.4182    323.067     99.235     7.3991    322.236     98.985         80 0.0000e+00
  29.669170  29.673081     1.2596     2.5321     3.5191     3.5212    143.594     31.000     2.6191 2.1013e-01     0.4756    32.0377    32.0403    25.4754    25.4773     7.4113    322.767     99.100     7.4073    322.590     99.053         34 0.0000e+00
  29.637266  29.641534     1.2697     2.5315     3.4807     3.4833    144.630     32.000     2.6190 2.1013e-01     0.4939    32.0370    32.0395    25.4784    25.4802     7.4193    323.115     99.113     7.4118    322.787     99.020         26 0.0000e+00
  29.637601  29.640971     1.2510     2.5291     3.4811     3.4826    148.365     33.000     2.6159 2.1013e-01     0.4863    32.0365    32.0390    25.4779    25.4798     7.4124    322.811     99.020     7.3891    321.800     98.716         46 0.0000e+00
  29.638517  29.639737     1.2683     2.5266     3.4816     3.4808    152.322     34.000     2.6102 2.1013e-01     0.5015    32.0366    32.0388    25.4779    25.4799     7.4011    322.319     98.871     7.3694    320.942     98.448         41 0.0000e+00
  29.625137  29.623761     1.2390     2.5246     3.4649     3.4609    153.948     35.000     2.6093 2.1012e-01     0.5440    32.0365    32.0389    25.4794    25.4817     7.3914    321.896     98.701     7.3892    321.800     98.663         41 0.0000e+00
  29.600708  29.601135     1.1977     2.5220     3.4357     3.4340    155.804     36.000     2.6090 2.1012e-01     0.5163    32.0356    32.0379    25.4813    25.4833     7.3935    321.990     98.658     7.3856    321.645     98.550         49 0.0000e+00
  29.601153  29.604083     1.1890     2.5179     3.4358     3.4368    161.649     37.000     2.6036 2.1012e-01     0.5875    32.0356    32.0381    25.4813    25.4832     7.3856    321.643     98.552     7.3702    320.972     98.351         41 0.0000e+00
  29.597672  29.600164     1.1282     2.5173     3.4310     3.4315    163.262     38.000     2.6025 2.1012e-01     0.6289    32.0357    32.0381    25.4818    25.4837     7.3877    321.737     98.569     7.3585    320.466     98.183         27 0.0000e+00
  29.597732  29.599597     1.0693     2.5174     3.4305     3.4305    164.521     39.000     2.6005 2.1013e-01     0.5971    32.0357    32.0380    25.4819    25.4837     7.3887    321.780     98.581     7.3600    320.531     98.200         36 0.0000e+00
  29.597895  29.599690     1.0127     2.5166     3.4302     3.4300    167.701     40.000     2.6009 2.1013e-01     0.5984    32.0357    32.0380    25.4819    25.4838     7.3869    321.700     98.556     7.3747    321.169     98.394         51 0.0000e+00
  29.598203  29.599969     1.0432     2.5164     3.4299     3.4296    172.337     41.000     2.6037 2.1013e-01     0.6472    32.0358    32.0382    25.4820    25.4839     7.3896    321.818     98.591     7.3644    320.720     98.256         25 0.0000e+00
  29.595983  29.596565     1.0179     2.5165     3.4268     3.4252    173.316     42.000     2.5997 2.1013e-01     0.6297    32.0357    32.0380    25.4822    25.4841     7.3875    321.728     98.556     7.3520    320.179     98.080         25 0.0000e+00
  29.595253  29.596581     1.0138     2.5159     3.4257     3.4250    176.255     43.000     2.5991 2.1013e-01     0.6349    32.0354    32.0376    25.4821    25.4839     7.3882    321.759     98.563     7.3684    320.894     98.298         54 0.0000e+00
  29.595054  29.597809     0.9992     2.5141     3.4249     3.4258    182.328     44.000     2.5995 2.1012e-01     0.6405    32.0355    32.0378    25.4822    25.4840     7.3764    321.245     98.403     7.3717    321.037     98.344         44 0.0000e+00
  29.595902  29.598130     0.9904     2.5130     3.4253     3.4254    183.191     45.000     2.5994 2.1013e-01     0.6936    32.0355    32.0381    25.4822    25.4842     7.3725    321.076     98.353     7.3683    320.888     98.297         21 0.0000e+00
  29.595986  29.595669     0.9813     2.5126     3.4247     3.4221    183.989     46.000     2.5989 2.1013e-01     0.7028    32.0357    32.0378    25.4824    25.4843     7.3758    321.217     98.395     7.3544    320.283     98.104         19 0.0000e+00
  29.591546  29.593060     0.9632     2.5125     3.4195     3.4189    185.167     47.000     2.5959 2.1013e-01     0.6717    32.0350    32.0374    25.4823    25.4843     7.3832    321.540     98.481     7.3455    319.899     97.978         35 0.0000e+00
  29.593617  29.595807     0.9965     2.5116     3.4212     3.4214    192.443     48.000     2.5973 2.1012e-01     0.7443    32.0353    32.0377    25.4824    25.4843     7.3779    321.310     98.414     7.3670    320.834     98.271         20 0.0000e+00
  29.592993  29.593767     0.9548     2.5120     3.4200     3.4185    193.150     49.000     2.5964 2.1013e-01     0.7321    32.0352    32.0376    25.4824    25.4845     7.3814    321.460     98.458     7.3517    320.167     98.059         20 0.0000e+00
  29.588559  29.588302     0.9545     2.5117     3.4147     3.4122    194.076     50.000     2.5947 2.1013e-01     0.7058    32.0346    32.0368    25.4824    25.4844     7.3804    321.418     98.431     7.3561    320.360     98.103         25 0.0000e+00
  29.590688  29.589579     0.9503     2.5117     3.4168     3.4134    196.956     51.000     2.5945 2.1013e-01     0.7088    32.0346    32.0366    25.4822    25.4841     7.3848    321.608     98.494     7.3637    320.688     98.206         32 0.0000e+00
  29.585143  29.587381     0.9323     2.5116     3.4099     3.4101    202.293     52.000     2.5942 2.1013e-01     0.7766    32.0342    32.0367    25.4825    25.4845     7.3831    321.537     98.456     7.3646    320.729     98.210         14 0.0000e+00
  29.583617  29.585095     0.9187     2.5113     3.4078     3.4071    202.840     53.000     2.5946 2.1011e-01     0.7929    32.0339    32.0364    25.4825    25.4845     7.3844    321.591     98.467     7.3693    320.936     98.266         14 0.0000e+00
  29.582165  29.583895     0.8995     2.5107     3.4059     3.4056    205.349     54.000     2.5948 2.1013e-01     0.8627    32.0336    32.0360    25.4824    25.4843     7.3835    321.552     98.450     7.3664    320.809     98.224         31 0.0000e+00
  29.582157  29.583658     0.9146     2.5086     3.4055     3.4051    210.683     55.000     2.5947 2.1013e-01     0.8094    32.0334    32.0356    25.4823    25.4841     7.3751    321.188     98.338     7.3656    320.774     98.212         58 0.0000e+00
  29.583144  29.585850     0.9292     2.5081     3.4064     3.4071    213.664     56.000     2.5941 2.1013e-01     0.8031    32.0332    32.0358    25.4821    25.4840     7.3772    321.279     98.367     7.3685    320.901     98.255         46 0.0000e+00
  29.583233  29.584228     0.9530     2.5076     3.4057     3.4047    217.972     57.000     2.5956 2.1013e-01     0.8188    32.0335    32.0357    25.4824    25.4842     7.3719    321.047     98.295     7.3787    321.345     98.385         33 0.0000e+00
  29.583144  29.581553     0.9312     2.5069     3.4050     3.4011    219.665     58.000     2.5956 2.1012e-01     0.8061    32.0335    32.0355    25.4824    25.4844     7.3718    321.042     98.292     7.3680    320.877     98.233         22 0.0000e+00
  29.579919  29.581952     0.9183     2.5070     3.4011     3.4012    220.793     59.000     2.5947 2.1013e-01     0.8289    32.0330    32.0353    25.4824    25.4842     7.3767    321.258     98.348     7.3693    320.934     98.251         35 0.0000e+00
  29.585096  29.587678     0.9229     2.5077     3.4064     3.4070    226.389     60.000     2.5941 2.1013e-01     0.8467    32.0335    32.0359    25.4822    25.4842     7.3766    321.251     98.359     7.3741    321.143     98.329         26 0.0000e+00
  29.586180  29.588554     0.9062     2.5079     3.4069     3.4072    228.348     61.000     2.5942 2.1011e-01     0.7996    32.0338    32.0363    25.4825    25.4844     7.3783    321.328     98.384     7.3725    321.073     98.309         18 0.0000e+00
  29.584211  29.588203     0.9273     2.5078     3.4041     3.4064    229.118     62.000     2.5941 2.1012e-01     0.8476    32.0336    32.0362    25.4826    25.4844     7.3801    321.406     98.401     7.3668    320.826     98.231         20 0.0000e+00
  29.582728  29.578722     0.9150     2.5075     3.4023     3.3956    231.705     63.000     2.5919 2.1013e-01     0.8359    32.0332    32.0349    25.4824    25.4844     7.3842    321.581     98.450     7.3595    320.509     98.107         33 0.0000e+00
  29.574496  29.576377     0.9161     2.5064     3.3929     3.3927    236.834     64.000     2.5899 2.1013e-01     0.8847    32.0321    32.0345    25.4823    25.4843     7.3794    321.375     98.363     7.3651    320.751     98.174         33 0.0000e+00
  29.575910  29.578735     0.9313     2.5063     3.3942     3.3952    239.462     65.000     2.5916 2.1013e-01     0.9095    32.0319    32.0344    25.4821    25.4840     7.3789    321.354     98.360     7.3697    320.950     98.241         57 0.0000e+00
  29.579429  29.581568     0.9247     2.5050     3.3975     3.3978    241.546     66.000     2.5898 2.1013e-01     0.9754    32.0324    32.0347    25.4822    25.4840     7.3707    320.997     98.259     7.3596    320.512     98.113         38 0.0000e+00
