staticdata/example_data/profile_data/CTD006.ros
* Sea-Bird SBE 9 Data File:
* FileName = C:\Sea-Bird Data\2018\DY-18-05\CTD\CTD006.hex
* Software Version Seasave V 7.23.2
* Temperature SN = 4379
* Conductivity SN = 042985
* Number of Bytes Per Scan = 37
* Number of Voltage Words = 4
* Number of Scans Averaged by the Deck Unit = 1
* NMEA Latitude = 56 48.44 N
* NMEA Longitude = 164 34.81 W
* NMEA UTC (Time) = May 01 2018  15:29:11
* NMEA baud rate = 4800
# nquan = 15
# nvalues = 343                                   
# units = specified
# name 0 = bpos: Bottle Position in Carousel
# name 1 = depSM: Depth [salt water, m]
# name 2 = flECO-AFL: Fluorescence, WET Labs ECO-AFL/FL [mg/m^3]
# name 3 = sbeox0V: Oxygen raw, SBE 43 [V]
# name 4 = sbeox1V: Oxygen raw, SBE 43, 2 [V]
# name 5 = dz/dtM: Descent Rate [m/s]
# name 6 = c1mS/cm: Conductivity, 2 [mS/cm]
# name 7 = c0mS/cm: Conductivity [mS/cm]
# name 8 = t090C: Temperature [ITS-90, deg C]
# name 9 = t190C: Temperature, 2 [ITS-90, deg C]
# name 10 = turbWETntu0: Turbidity, WET Labs ECO [NTU]
# name 11 = prDM: Pressure, Digiquartz [db]
# name 12 = scan: Scan Count
# name 13 = nbf: Bottles Fired
# name 14 = flag:  0.000e+00
# interval = seconds: 0.0416667
# start_time = May 01 2018 15:29:11 [NMEA time, header]
# bad_flag = -9.990e-29
*END*
[from data line 290]
          6     11.350     1.1381     2.5203     2.6046     -0.223  29.558886  29.556448     3.4123     3.4128     0.5185     11.455      13918          6  0.000e+00
          6     11.338     1.1259     2.5203     2.6046     -0.251  29.558723  29.556506     3.4120     3.4126     0.5185     11.443      13919          6  0.000e+00
          6     11.264     1.1381     2.5215     2.6046     -0.285  29.558723  29.556680     3.4120     3.4126     0.5185     11.368      13920          6  0.000e+00
          6     11.307     1.1381     2.5215     2.6046     -0.311  29.558452  29.556796     3.4120     3.4123     0.5185     11.412      13921          6  0.000e+00
          7      1.650     1.1137     2.5240     2.6094     -0.012  29.550498  29.548070     3.4070     3.4082     0.5430      1.665      15891          7  0.000e+00
          7      1.650     1.1137     2.5252     2.6082     -0.013  29.550607  29.548128     3.4072     3.4084     0.5430      1.665      15892          7  0.000e+00
          7      1.718     1.1137     2.5252     2.6082     -0.011  29.550716  29.548360     3.4072     3.4082     0.5430      1.734      15893          7  0.000e+00
          7      1.650     1.1137     2.5252     2.6094     -0.016  29.550498  29.548244     3.4072     3.4082     0.5430      1.665      15894          7  0.000e+00
          7      1.675     1.1137     2.5252     2.6094     -0.015  29.550607  29.547954     3.4070     3.4082     0.5430      1.690      15895          7  0.000e+00
          7      1.650     1.1259     2.5252     2.6082     -0.017  29.550553  29.547896     3.4070     3.4084     0.5308      1.665      15896          7  0.000e+00
          7      1.632     1.1503     2.5252     2.6094     -0.021  29.550444  29.547896     3.4072     3.4080     0.5185      1.647      15897          7  0.000e+00
          7      1.650     1.1626     2.5252     2.6094     -0.025  29.550607  29.547664     3.4070     3.4080     0.5185      1.665      15898          7  0.000e+00
          7      1.675     1.1626     2.5252     2.6094     -0.026  29.550553  29.548012     3.4070     3.4080     0.5185      1.690      15899          7  0.000e+00
          7      1.564     1.1503     2.5240     2.6094     -0.034  29.550661  29.547953     3.4072     3.4079     0.5185      1.579      15900          7  0.000e+00
          7      1.650     1.1503     2.5252     2.6094     -0.037  29.550281  29.547896     3.4070     3.4080     0.5185      1.665      15901          7  0.000e+00
          7      1.583     1.1626     2.5252     2.6082     -0.046  29.550607  29.548069     3.4072     3.4080     0.5185      1.597      15902          7  0.000e+00
          7      1.607     1.1503     2.5252     2.6082     -0.051  29.550498  29.547953     3.4072     3.4082     0.5185      1.622      15903          7  0.000e+00
          7      1.583     1.1626     2.5252     2.6082     -0.057  29.550607  29.547895     3.4072     3.4082     0.5185      1.597      15904          7  0.000e+00
          7      1.607     1.1626     2.5264     2.6082     -0.062  29.550715  29.548070     3.4070     3.4082     0.5185      1.622      15905          7  0.000e+00
          7      1.539     1.1626     2.5264     2.6082     -0.071  29.550715  29.547721     3.4074     3.4084     0.5185      1.554      15906          7  0.000e+00
          7      1.564     1.1626     2.5264     2.6094     -0.078  29.550281  29.548011     3.4073     3.4080     0.5185      1.579      15907          7  0.000e+00
          7      1.564     1.1503     2.5252     2.6082     -0.086  29.550552  29.547953     3.4072     3.4081     0.5185      1.579      15908          7  0.000e+00
          7      1.539     1.1503     2.5252     2.6082     -0.094  29.550715  29.547663     3.4073     3.4079     0.5185      1.554      15909          7  0.000e+00
          7      1.564     1.1626     2.5252     2.6082     -0.100  29.550498  29.548011     3.4074     3.4079     0.5185      1.579      15910          7  0.000e+00
          7      1.496     1.1626     2.5252     2.6082     -0.114  29.550444  29.547953     3.4072     3.4082     0.5185      1.510      15911          7  0.000e+00
          7      1.515     1.1626     2.5240     2.6082     -0.118  29.550661  29.548069     3.4072     3.4079     0.5185      1.529      15912          7  0.000e+00
          7      1.539     1.1626     2.5252     2.6082     -0.123  29.550281  29.548185     3.4076     3.4079     0.5185      1.554      15913          7  0.000e+00
          7      1.472     1.1503     2.5252     2.6082     -0.132  29.550552  29.547953     3.4075     3.4080     0.5185      1.485      15914          7  0.000e+00
          7      1.496     1.1503     2.5252     2.6082     -0.138  29.550118  29.547895     3.4075     3.4079     0.5185      1.510      15915          7  0.000e+00
          7      1.472     1.1626     2.5252     2.6082     -0.147  29.550281  29.547895     3.4070     3.4079     0.5185      1.485      15916          7  0.000e+00
          7      1.472     1.1626     2.5252     2.6082     -0.151  29.550444  29.548069     3.4074     3.4079     0.5185      1.485      15917          7  0.000e+00
          7      1.447     1.1626     2.5252     2.6082     -0.158  29.550606  29.548185     3.4073     3.4082     0.5185      1.461      15918          7  0.000e+00
          7      1.472     1.1626     2.5252     2.6082     -0.164  29.550552  29.548359     3.4074     3.4082     0.5185      1.485      15919          7  0.000e+00
          7      1.404     1.1626     2.5252     2.6082     -0.169  29.550661  29.548011     3.4075     3.4082     0.5185      1.417      15920          7  0.000e+00
          7      1.472     1.1503     2.5252     2.6082     -0.174  29.550878  29.548069     3.4075     3.4084     0.5185      1.485      15921          7  0.000e+00
          7      1.404     1.1137     2.5240     2.6082     -0.177  29.550823  29.548359     3.4078     3.4084     0.5308      1.417      15922          7  0.000e+00
          7      1.429     1.0893     2.5252     2.6082     -0.180  29.550498  29.548243     3.4077     3.4084     0.5308      1.442      15923          7  0.000e+00
          7      1.404     1.0893     2.5252     2.6082     -0.185  29.550823  29.547953     3.4075     3.4084     0.5308      1.417      15924          7  0.000e+00
          7      1.429     1.0893     2.5240     2.6082     -0.187  29.550823  29.548243     3.4078     3.4085     0.5308      1.442      15925          7  0.000e+00
          7      1.429     1.1015     2.5252     2.6070     -0.187  29.550715  29.548243     3.4076     3.4085     0.5308      1.442      15926          7  0.000e+00
          7      1.404     1.1015     2.5252     2.6070     -0.186  29.550715  29.548359     3.4078     3.4087     0.5308      1.417      15927          7  0.000e+00
          7      1.380     1.1015     2.5252     2.6070     -0.190  29.550932  29.548417     3.4079     3.4085     0.5308      1.392      15928          7  0.000e+00
          7      1.404     1.1015     2.5252     2.6082     -0.188  29.550552  29.548591     3.4078     3.4088     0.5308      1.417      15929          7  0.000e+00
          7      1.380     1.1015     2.5252     2.6070     -0.191  29.550823  29.548475     3.4078     3.4085     0.5308      1.392      15930          7  0.000e+00
          7      1.404     1.1015     2.5252     2.6070     -0.189  29.550986  29.548417     3.4077     3.4085     0.5308      1.417      15931          7  0.000e+00
          7      1.380     1.1015     2.5252     2.6070     -0.188  29.550606  29.548417     3.4076     3.4085     0.5308      1.392      15932          7  0.000e+00
          7      1.404     1.1015     2.5252     2.6070     -0.187  29.550661  29.548417     3.4076     3.4085     0.5308      1.417      15933          7  0.000e+00
          7      1.380     1.1015     2.5252     2.6070     -0.184  29.550878  29.548243     3.4075     3.4084     0.5308      1.392      15934          7  0.000e+00
          7      1.380     1.1015     2.5252     2.6070     -0.185  29.550823  29.548359     3.4076     3.4085     0.5308      1.392      15935          7  0.000e+00
          7      1.404     1.1015     2.5264     2.6070     -0.182  29.550932  29.548417     3.4077     3.4084     0.5308      1.417      15936          7  0.000e+00
          7      1.380     1.1015     2.5264     2.6070     -0.179  29.550986  29.548591     3.4078     3.4085     0.5308      1.392      15937          7  0.000e+00
          7      1.404     1.1015     2.5264     2.6070     -0.177  29.550823  29.548475     3.4077     3.4085     0.5308      1.417      15938          7  0.000e+00
          7      1.380     1.1015     2.5264     2.6070     -0.170  29.550715  29.548533     3.4078     3.4085     0.5308      1.392      15939          7  0.000e+00
