staticdata/example_data/profile_data/ctd002.ros
* Sea-Bird SBE 9 Data File:
* FileName = C:\Sea-Bird Data\2018\DY-18-05\CTD\CTD002.hex
* Software Version Seasave V 7.23.2
* Temperature SN = 4379
* Conductivity SN = 042985
* Number of Bytes Per Scan = 37
* Number of Voltage Words = 4
* Number of Scans Averaged by the Deck Unit = 1
* NMEA Latitude = 56 56.64 N
* NMEA Longitude = 163 49.70 W
* NMEA UTC (Time) = May 01 2018  03:54:36
* NMEA baud rate = 4800
# nquan = 15
# nvalues = 343                                   
# units = specified
# name 0 = bpos: Bottle Position in Carousel
# name 1 = depSM: Depth [salt water, m]
# name 2 = flECO-AFL: Fluorescence, WET Labs ECO-AFL/FL [mg/m^3]
# name 3 = sbeox0V: Oxygen raw, SBE 43 [V]
# name 4 = sbeox1V: Oxygen raw, SBE 43, 2 [V]
# name 5 = dz/dtM: Descent Rate [m/s]
# name 6 = c1mS/cm: Conductivity, 2 [mS/cm]
# name 7 = c0mS/cm: Conductivity [mS/cm]
# name 8 = t090C: Temperature [ITS-90, deg C]
# name 9 = t190C: Temperature, 2 [ITS-90, deg C]
# name 10 = turbWETntu0: Turbidity, WET Labs ECO [NTU]
# name 11 = prDM: Pressure, Digiquartz [db]
# name 12 = scan: Scan Count
# name 13 = nbf: Bottles Fired
# name 14 = flag:  0.000e+00
# interval = seconds: 0.0416667
# start_time = May 01 2018 03:54:36 [NMEA time, header]
# bad_flag = -9.990e-29
*END*
          1     63.505     1.0771     2.5165     2.5983     -0.940  29.137719  29.135523     2.9588     2.9590     2.3195     64.104       4551          1  0.000e+00
          1     63.456     1.0771     2.5165     2.5996     -0.959  29.137935  29.135638     2.9586     2.9588     2.3195     64.054       4552          1  0.000e+00
          1     63.481     1.0771     2.5153     2.5996     -0.974  29.137827  29.135754     2.9588     2.9590     2.3195     64.079       4553          1  0.000e+00
          1     63.370     1.0771     2.5153     2.5983     -0.989  29.137286  29.135234     2.9588     2.9587     2.3195     63.967       4554          1  0.000e+00
          1     63.370     1.0771     2.5165     2.5996     -1.003  29.137556  29.135984     2.9586     2.9589     2.3195     63.967       4555          1  0.000e+00
          1     63.370     1.0649     2.5165     2.5983     -1.011  29.137556  29.135638     2.9588     2.9586     2.3195     63.967       4556          1  0.000e+00
          1     63.277     1.0649     2.5165     2.5983     -1.021  29.137664  29.135465     2.9585     2.9587     2.3317     63.874       4557          1  0.000e+00
          1     63.296     1.0771     2.5165     2.5996     -1.026  29.137340  29.135465     2.9585     2.9587     2.3928     63.892       4558          1  0.000e+00
          1     63.234     1.0771     2.5165     2.5983     -1.031  29.137394  29.135465     2.9585     2.9588     2.4111     63.830       4559          1  0.000e+00
          1     63.234     1.0649     2.5165     2.5983     -1.031  29.137286  29.135292     2.9585     2.9587     2.4111     63.830       4560          1  0.000e+00
          1     63.185     1.0771     2.5165     2.5983     -1.035  29.137178  29.135580     2.9585     2.9587     2.4050     63.780       4561          1  0.000e+00
          1     63.142     1.0771     2.5165     2.5983     -1.033  29.137394  29.135349     2.9585     2.9589     2.4050     63.737       4562          1  0.000e+00
          1     63.117     1.0771     2.5165     2.5996     -1.031  29.137664  29.135233     2.9585     2.9587     2.4050     63.712       4563          1  0.000e+00
          1     63.142     1.0649     2.5153     2.5983     -1.026  29.137070  29.135407     2.9585     2.9589     2.4050     63.737       4564          1  0.000e+00
          1     63.050     1.0649     2.5165     2.5983     -1.022  29.137339  29.135291     2.9585     2.9589     2.4050     63.644       4565          1  0.000e+00
          1     63.099     1.0771     2.5165     2.5996     -1.011  29.137664  29.135406     2.9586     2.9585     2.4050     63.693       4566          1  0.000e+00
          1     63.050     1.0771     2.5153     2.5996     -1.003  29.137339  29.135464     2.9584     2.9586     2.4050     63.644       4567          1  0.000e+00
          1     63.025     1.0771     2.5153     2.5996     -0.991  29.137393  29.135176     2.9585     2.9582     2.4050     63.619       4568          1  0.000e+00
          1     63.007     1.0771     2.5153     2.5996     -0.981  29.136853  29.135349     2.9586     2.9587     2.4050     63.600       4569          1  0.000e+00
          1     63.007     1.0649     2.5165     2.5983     -0.967  29.137231  29.135464     2.9585     2.9584     2.4050     63.600       4570          1  0.000e+00
          1     63.007     1.0649     2.5165     2.5983     -0.953  29.137663  29.135637     2.9586     2.9589     2.4050     63.600       4571          1  0.000e+00
          1     62.964     1.0771     2.5165     2.5996     -0.938  29.137123  29.135118     2.9583     2.9585     2.4050     63.557       4572          1  0.000e+00
          1     62.982     1.0771     2.5165     2.5983     -0.920  29.137123  29.135118     2.9585     2.9586     2.4050     63.575       4573          1  0.000e+00
          1     63.007     1.0771     2.5165     2.5996     -0.899  29.137393  29.135406     2.9585     2.9586     2.4050     63.600       4574          1  0.000e+00
          1     62.964     1.0771     2.5165     2.5983     -0.878  29.137015  29.135637     2.9585     2.9585     2.4050     63.557       4575          1  0.000e+00
          1     62.964     1.0771     2.5165     2.5983     -0.856  29.137123  29.135464     2.9583     2.9586     2.4050     63.557       4576          1  0.000e+00
          1     62.964     1.0649     2.5165     2.5983     -0.831  29.137177  29.135060     2.9582     2.9585     2.4050     63.557       4577          1  0.000e+00
          1     62.982     1.0771     2.5165     2.5983     -0.807  29.137015  29.135522     2.9585     2.9586     2.4050     63.575       4578          1  0.000e+00
          1     62.964     1.0771     2.5165     2.5983     -0.781  29.137123  29.135348     2.9581     2.9585     2.4050     63.557       4579          1  0.000e+00
          1     62.964     1.0771     2.5165     2.5983     -0.756  29.137393  29.135233     2.9583     2.9584     2.4050     63.557       4580          1  0.000e+00
          1     62.964     1.0771     2.5165     2.5983     -0.727  29.137231  29.135002     2.9583     2.9587     2.4050     63.557       4581          1  0.000e+00
          1     62.964     1.0649     2.5165     2.5996     -0.697  29.137393  29.134945     2.9581     2.9584     2.4050     63.557       4582          1  0.000e+00
          1     63.050     1.0771     2.5165     2.5996     -0.666  29.137015  29.135060     2.9581     2.9584     2.4233     63.644       4583          1  0.000e+00
          1     62.939     1.0771     2.5165     2.5996     -0.636  29.137069  29.135175     2.9583     2.9584     2.4355     63.532       4584          1  0.000e+00
          1     63.007     1.0771     2.5165     2.5996     -0.605  29.137015  29.135233     2.9583     2.9582     2.4355     63.600       4585          1  0.000e+00
          1     63.007     1.0771     2.5165     2.5996     -0.574  29.137285  29.135233     2.9582     2.9584     2.4355     63.600       4586          1  0.000e+00
          1     63.050     1.0771     2.5165     2.5996     -0.541  29.137069  29.135406     2.9583     2.9582     2.4355     63.644       4587          1  0.000e+00
          1     63.007     1.0771     2.5165     2.5971     -0.509  29.137123  29.135291     2.9580     2.9582     2.4355     63.600       4588          1  0.000e+00
          1     63.074     1.0771     2.5165     2.5971     -0.472  29.137016  29.135233     2.9583     2.9582     2.4355     63.669       4589          1  0.000e+00
          1     63.050     1.0771     2.5165     2.5971     -0.439  29.136907  29.135349     2.9580     2.9584     2.4355     63.644       4590          1  0.000e+00
          1     63.099     1.0771     2.5165     2.5996     -0.404  29.137124  29.135233     2.9583     2.9582     2.4355     63.693       4591          1  0.000e+00
          1     63.099     1.0771     2.5165     2.5996     -0.371  29.137178  29.135407     2.9581     2.9582     2.4355     63.693       4592          1  0.000e+00
          1     63.142     1.0771     2.5165     2.5996     -0.335  29.136152  29.135291     2.9581     2.9582     2.4355     63.737       4593          1  0.000e+00
          1     63.117     1.0771     2.5165     2.5996     -0.299  29.136854  29.135234     2.9581     2.9584     2.4355     63.712       4594          1  0.000e+00
          1     63.142     1.0771     2.5165     2.5983     -0.265  29.137394  29.135407     2.9583     2.9585     2.4355     63.737       4595          1  0.000e+00
          1     63.185     1.0771     2.5165     2.5996     -0.230  29.137070  29.135464     2.9584     2.9584     2.4355     63.780       4596          1  0.000e+00
          1     63.234     1.0771     2.5165     2.5996     -0.193  29.137286  29.135638     2.9583     2.9584     2.4355     63.830       4597          1  0.000e+00
          1     63.234     1.0649     2.5165     2.5996     -0.155  29.137286  29.135349     2.9581     2.9581     2.4355     63.830       4598          1  0.000e+00
          1     63.210     1.0771     2.5165     2.5996     -0.124  29.137178  29.135407     2.9580     2.9584     2.4355     63.805       4599          1  0.000e+00
          2     50.801     1.0649     2.5227     2.6045      0.443  29.134173  29.132141     2.9608     2.9611     1.4709     51.278       6098          2  0.000e+00
          2     50.844     1.0649     2.5214     2.6020      0.444  29.134173  29.131968     2.9608     2.9612     1.4709     51.322       6099          2  0.000e+00
          2     50.863     1.0649     2.5214     2.6020      0.445  29.134173  29.131910     2.9611     2.9612     1.4709     51.340       6100          2  0.000e+00
          2     50.844     1.0649     2.5214     2.6020      0.444  29.134011  29.132257     2.9608     2.9612     1.4709     51.322       6101          2  0.000e+00
          2     50.894     1.0649     2.5214     2.6020      0.448  29.134281  29.132199     2.9608     2.9612     1.4709     51.372       6102          2  0.000e+00
          2     50.894     1.0649     2.5214     2.6020      0.448  29.134065  29.132084     2.9610     2.9611     1.4709     51.372       6103          2  0.000e+00
          2     50.937     1.0649     2.5214     2.6020      0.449  29.134497  29.131911     2.9609     2.9612     1.4709     51.415       6104          2  0.000e+00
          2     50.980     1.0649     2.5227     2.6020      0.453  29.133903  29.132084     2.9607     2.9614     1.4709     51.458       6105          2  0.000e+00
          2     50.980     1.0649     2.5227     2.6020      0.456  29.134281  29.132142     2.9608     2.9611     1.4709     51.458       6106          2  0.000e+00
          2     50.980     1.0649     2.5214     2.6020      0.458  29.134443  29.132142     2.9608     2.9609     1.4709     51.458       6107          2  0.000e+00
          2     51.084     1.0649     2.5214     2.6020      0.464  29.134282  29.132142     2.9607     2.9611     1.4709     51.564       6108          2  0.000e+00
          2     51.029     1.0649     2.5214     2.6020      0.464  29.133957  29.132315     2.9608     2.9611     1.4709     51.508       6109          2  0.000e+00
          2     51.072     1.0649     2.5202     2.6020      0.467  29.134336  29.132315     2.9607     2.9611     1.4709     51.552       6110          2  0.000e+00
          2     51.072     1.0649     2.5214     2.6020      0.471  29.134012  29.132142     2.9608     2.9607     1.4709     51.552       6111          2  0.000e+00
          2     51.115     1.0649     2.5214     2.6020      0.473  29.134336  29.131969     2.9608     2.9611     1.4709     51.595       6112          2  0.000e+00
          2     51.164     1.0649     2.5214     2.6020      0.478  29.134228  29.132084     2.9607     2.9612     1.4709     51.645       6113          2  0.000e+00
          2     51.207     1.0527     2.5214     2.6045      0.482  29.134552  29.132315     2.9607     2.9612     1.4709     51.688       6114          2  0.000e+00
          2     51.164     1.0649     2.5214     2.6020      0.485  29.134336  29.132200     2.9608     2.9611     1.5076     51.645       6115          2  0.000e+00
          2     51.251     1.0771     2.5214     2.6020      0.493  29.134390  29.132142     2.9607     2.9612     1.5625     51.732       6116          2  0.000e+00
          2     51.220     1.0649     2.5214     2.6020      0.493  29.134282  29.132085     2.9608     2.9611     1.5747     51.701       6117          2  0.000e+00
          2     51.300     1.0649     2.5202     2.6020      0.499  29.134390  29.132085     2.9608     2.9611     1.5686     51.782       6118          2  0.000e+00
          2     51.300     1.0649     2.5202     2.6020      0.505  29.134444  29.132142     2.9607     2.9611     1.5686     51.782       6119          2  0.000e+00
          2     51.300     1.0649     2.5202     2.6033      0.510  29.134228  29.132315     2.9608     2.9611     1.5686     51.782       6120          2  0.000e+00
          2     51.343     1.0649     2.5214     2.6020      0.513  29.134174  29.132431     2.9608     2.9612     1.5686     51.825       6121          2  0.000e+00
          2     51.343     1.1015     2.5214     2.6020      0.515  29.134552  29.132431     2.9609     2.9609     1.5686     51.825       6122          2  0.000e+00
          2     51.386     1.0649     2.5202     2.6020      0.518  29.134282  29.132143     2.9607     2.9611     1.5686     51.868       6123          2  0.000e+00
          2     51.435     1.0893     2.5202     2.6020      0.526  29.134607  29.132547     2.9608     2.9609     1.5686     51.918       6124          2  0.000e+00
          2     51.447     1.0649     2.5202     2.6020      0.528  29.134283  29.132489     2.9608     2.9612     1.5686     51.931       6125          2  0.000e+00
          2     51.435     1.0649     2.5214     2.6020      0.532  29.134607  29.132431     2.9607     2.9612     1.5686     51.918       6126          2  0.000e+00
          2     51.435     1.0893     2.5214     2.6020      0.533  29.134283  29.132431     2.9608     2.9612     1.5686     51.918       6127          2  0.000e+00
          2     51.521     1.0649     2.5214     2.6020      0.537  29.134391  29.132432     2.9607     2.9611     1.5686     52.005       6128          2  0.000e+00
          2     51.478     1.1015     2.5214     2.6020      0.537  29.134661  29.132201     2.9610     2.9611     1.5686     51.962       6129          2  0.000e+00
          2     51.521     1.0893     2.5214     2.6020      0.539  29.134499  29.132258     2.9610     2.9612     1.5686     52.005       6130          2  0.000e+00
          2     51.521     1.0649     2.5214     2.6020      0.539  29.134283  29.132143     2.9608     2.9611     1.5686     52.005       6131          2  0.000e+00
          2     51.571     1.0893     2.5214     2.6020      0.539  29.134391  29.132316     2.9609     2.9614     1.5686     52.055       6132          2  0.000e+00
          2     51.571     1.0893     2.5214     2.6020      0.539  29.134445  29.132432     2.9608     2.9611     1.5686     52.055       6133          2  0.000e+00
          2     51.571     1.0649     2.5214     2.6020      0.538  29.134661  29.132201     2.9610     2.9612     1.5686     52.055       6134          2  0.000e+00
          2     51.583     1.0649     2.5214     2.6020      0.536  29.134715  29.132547     2.9608     2.9611     1.5686     52.067       6135          2  0.000e+00
          2     51.571     1.0893     2.5214     2.6020      0.532  29.134499  29.132259     2.9605     2.9611     1.5686     52.055       6136          2  0.000e+00
          2     51.614     1.0649     2.5214     2.6033      0.530  29.134283  29.132489     2.9607     2.9612     1.5686     52.098       6137          2  0.000e+00
          2     51.614     1.0893     2.5214     2.6020      0.526  29.134553  29.132432     2.9607     2.9611     1.5686     52.098       6138          2  0.000e+00
          2     51.614     1.0649     2.5214     2.6020      0.520  29.134283  29.132201     2.9605     2.9611     1.5686     52.098       6139          2  0.000e+00
          2     51.614     1.0649     2.5214     2.6020      0.513  29.134607  29.132316     2.9608     2.9612     1.5564     52.098       6140          2  0.000e+00
          2     51.657     1.0649     2.5214     2.6020      0.507  29.134283  29.132432     2.9605     2.9609     1.4099     52.142       6141          2  0.000e+00
          2     51.614     1.0649     2.5214     2.6020      0.497  29.134607  29.132201     2.9607     2.9609     1.3427     52.098       6142          2  0.000e+00
          2     51.614     1.0649     2.5214     2.6020      0.489  29.134283  29.132778     2.9607     2.9611     1.3366     52.098       6143          2  0.000e+00
          2     51.675     1.0649     2.5214     2.6020      0.480  29.134391  29.132490     2.9607     2.9611     1.3427     52.160       6144          2  0.000e+00
