staticdata/example_data/profile_data/ctd005.ros
* Sea-Bird SBE 9 Data File:
* FileName = C:\Sea-Bird Data\2018\DY-18-05\CTD\CTD005.hex
* Software Version Seasave V 7.23.2
* Temperature SN = 4379
* Conductivity SN = 042985
* Number of Bytes Per Scan = 37
* Number of Voltage Words = 4
* Number of Scans Averaged by the Deck Unit = 1
* NMEA Latitude = 56 46.21 N
* NMEA Longitude = 164 20.03 W
* NMEA UTC (Time) = May 01 2018  13:52:32
* NMEA baud rate = 4800
# nquan = 15
# nvalues = 392                                   
# units = specified
# name 0 = bpos: Bottle Position in Carousel
# name 1 = depSM: Depth [salt water, m]
# name 2 = flECO-AFL: Fluorescence, WET Labs ECO-AFL/FL [mg/m^3]
# name 3 = sbeox0V: Oxygen raw, SBE 43 [V]
# name 4 = sbeox1V: Oxygen raw, SBE 43, 2 [V]
# name 5 = dz/dtM: Descent Rate [m/s]
# name 6 = c1mS/cm: Conductivity, 2 [mS/cm]
# name 7 = c0mS/cm: Conductivity [mS/cm]
# name 8 = t090C: Temperature [ITS-90, deg C]
# name 9 = t190C: Temperature, 2 [ITS-90, deg C]
# name 10 = turbWETntu0: Turbidity, WET Labs ECO [NTU]
# name 11 = prDM: Pressure, Digiquartz [db]
# name 12 = scan: Scan Count
# name 13 = nbf: Bottles Fired
# name 14 = flag:  0.000e+00
# interval = seconds: 0.0416667
# start_time = May 01 2018 13:52:32 [NMEA time, header]
# bad_flag = -9.990e-29
*END*
          1     67.481     0.6375     2.4884     2.5703     -0.323  29.650740  29.649168     3.4587     3.4582     1.0192     68.116       5130          1  0.000e+00
          1     67.438     0.6375     2.4884     2.5703     -0.333  29.650739  29.649168     3.4588     3.4582     1.0192     68.073       5131          1  0.000e+00
          1     67.456     0.6375     2.4884     2.5703     -0.344  29.650522  29.649168     3.4585     3.4583     1.0192     68.091       5132          1  0.000e+00
          1     67.438     0.6375     2.4885     2.5703     -0.350  29.650468  29.649168     3.4587     3.4584     1.0192     68.072       5133          1  0.000e+00
          1     67.388     0.6375     2.4885     2.5703     -0.361  29.650631  29.648936     3.4586     3.4582     1.0192     68.023       5134          1  0.000e+00
          1     67.407     0.6375     2.4885     2.5703     -0.370  29.650739  29.649052     3.4585     3.4582     1.0192     68.041       5135          1  0.000e+00
          1     67.345     0.6375     2.4885     2.5703     -0.379  29.650522  29.649168     3.4585     3.4579     1.0192     67.979       5136          1  0.000e+00
          1     67.345     0.6375     2.4885     2.5703     -0.388  29.650467  29.648936     3.4588     3.4581     1.0192     67.979       5137          1  0.000e+00
          1     67.302     0.6375     2.4885     2.5703     -0.395  29.650467  29.648878     3.4584     3.4582     1.0192     67.936       5138          1  0.000e+00
          1     67.321     0.6375     2.4885     2.5703     -0.400  29.650467  29.649284     3.4585     3.4581     1.0192     67.954       5139          1  0.000e+00
          1     67.302     0.6375     2.4885     2.5703     -0.405  29.650630  29.649226     3.4586     3.4579     1.0192     67.936       5140          1  0.000e+00
          1     67.253     0.6375     2.4885     2.5703     -0.412  29.650522  29.649168     3.4584     3.4581     1.0192     67.886       5141          1  0.000e+00
          1     67.228     0.6375     2.4872     2.5703     -0.420  29.650467  29.648935     3.4585     3.4576     1.0192     67.861       5142          1  0.000e+00
          1     67.210     0.6375     2.4872     2.5703     -0.425  29.650467  29.649051     3.4586     3.4579     1.0192     67.843       5143          1  0.000e+00
          1     67.210     0.6375     2.4872     2.5703     -0.431  29.650250  29.649168     3.4587     3.4579     1.0192     67.843       5144          1  0.000e+00
          1     67.185     0.6375     2.4872     2.5703     -0.435  29.649978  29.649168     3.4586     3.4576     1.0192     67.818       5145          1  0.000e+00
          1     67.117     0.6375     2.4872     2.5703     -0.442  29.649923  29.649167     3.4584     3.4576     1.0192     67.749       5146          1  0.000e+00
          1     67.167     0.6375     2.4872     2.5703     -0.447  29.650304  29.648935     3.4583     3.4577     1.0192     67.799       5147          1  0.000e+00
          1     67.117     0.6375     2.4872     2.5703     -0.447  29.650249  29.648877     3.4583     3.4578     1.0192     67.749       5148          1  0.000e+00
          1     67.093     0.6375     2.4872     2.5703     -0.454  29.650358  29.648877     3.4584     3.4576     1.0192     67.724       5149          1  0.000e+00
          1     67.031     0.6375     2.4885     2.5703     -0.460  29.650467  29.648877     3.4585     3.4578     1.0130     67.662       5150          1  0.000e+00
          1     67.074     0.6375     2.4885     2.5703     -0.462  29.650249  29.648877     3.4585     3.4579     1.0192     67.706       5151          1  0.000e+00
          1     67.000     0.6253     2.4885     2.5703     -0.467  29.650195  29.648644     3.4585     3.4578     1.0497     67.631       5152          1  0.000e+00
          1     67.031     0.6253     2.4885     2.5703     -0.469  29.650358  29.648761     3.4585     3.4579     1.0680     67.662       5153          1  0.000e+00
          1     66.982     0.6253     2.4885     2.5703     -0.475  29.650249  29.648877     3.4585     3.4578     1.0741     67.613       5154          1  0.000e+00
          1     66.939     0.6253     2.4872     2.5703     -0.477  29.650195  29.648876     3.4583     3.4579     1.0741     67.569       5155          1  0.000e+00
          1     66.957     0.6253     2.4872     2.5703     -0.479  29.650358  29.648877     3.4582     3.4579     1.0680     67.588       5156          1  0.000e+00
          1     66.896     0.6253     2.4872     2.5703     -0.483  29.650249  29.648644     3.4584     3.4578     1.0741     67.526       5157          1  0.000e+00
          1     66.896     0.6253     2.4872     2.5703     -0.489  29.649977  29.648760     3.4582     3.4578     1.0680     67.526       5158          1  0.000e+00
          1     66.914     0.6253     2.4872     2.5703     -0.489  29.649923  29.648876     3.4580     3.4576     1.0741     67.544       5159          1  0.000e+00
          1     66.846     0.6253     2.4872     2.5703     -0.492  29.650086  29.648644     3.4581     3.4578     1.0741     67.476       5160          1  0.000e+00
          1     66.846     0.6253     2.4872     2.5690     -0.493  29.649977  29.648586     3.4582     3.4578     1.0741     67.476       5161          1  0.000e+00
          1     66.803     0.6253     2.4885     2.5703     -0.496  29.650085  29.648586     3.4581     3.4578     1.0680     67.432       5162          1  0.000e+00
          1     66.822     0.6253     2.4885     2.5690     -0.495  29.649759  29.648586     3.4580     3.4576     1.0680     67.451       5163          1  0.000e+00
          1     66.760     0.6253     2.4872     2.5703     -0.496  29.650031  29.648760     3.4580     3.4578     1.0680     67.389       5164          1  0.000e+00
          1     66.760     0.6253     2.4872     2.5703     -0.501  29.649977  29.648411     3.4579     3.4578     1.0680     67.389       5165          1  0.000e+00
          1     66.730     0.6253     2.4872     2.5703     -0.501  29.650085  29.648469     3.4580     3.4578     1.0741     67.358       5166          1  0.000e+00
          1     66.760     0.6253     2.4872     2.5703     -0.500  29.650194  29.648353     3.4578     3.4576     1.0741     67.389       5167          1  0.000e+00
          1     66.711     0.6253     2.4872     2.5703     -0.501  29.649542  29.648295     3.4577     3.4574     1.0741     67.339       5168          1  0.000e+00
          1     66.668     0.6253     2.4872     2.5703     -0.501  29.649976  29.647889     3.4580     3.4578     1.0680     67.296       5169          1  0.000e+00
          1     66.686     0.6253     2.4872     2.5703     -0.500  29.649759  29.647947     3.4576     3.4578     1.0680     67.314       5170          1  0.000e+00
          1     66.668     0.6253     2.4872     2.5703     -0.499  29.649813  29.648063     3.4576     3.4574     1.0680     67.296       5171          1  0.000e+00
          1     66.668     0.6253     2.4872     2.5690     -0.497  29.649705  29.648063     3.4577     3.4574     1.0741     67.296       5172          1  0.000e+00
          1     66.594     0.6253     2.4872     2.5690     -0.496  29.649813  29.648063     3.4576     3.4576     1.0741     67.221       5173          1  0.000e+00
          1     66.619     0.6253     2.4872     2.5690     -0.494  29.649704  29.648063     3.4577     3.4573     1.0680     67.246       5174          1  0.000e+00
          1     66.619     0.6253     2.4872     2.5703     -0.493  29.649813  29.648237     3.4577     3.4574     1.0741     67.246       5175          1  0.000e+00
          1     66.576     0.6253     2.4872     2.5690     -0.487  29.649704  29.648121     3.4574     3.4576     1.0741     67.202       5176          1  0.000e+00
          1     66.594     0.6375     2.4872     2.5703     -0.483  29.649813  29.648063     3.4574     3.4578     1.0741     67.221       5177          1  0.000e+00
          1     66.532     0.6619     2.4872     2.5703     -0.482  29.649922  29.647830     3.4574     3.4576     1.0863     67.159       5178          1  0.000e+00
          2     49.998     0.7108     2.4934     2.5764      0.054  29.643569  29.640583     3.4574     3.4584     1.0130     50.467       6945          2  0.000e+00
          2     49.986     0.7108     2.4934     2.5752      0.060  29.643732  29.640235     3.4571     3.4589     1.0130     50.454       6946          2  0.000e+00
          2     50.072     0.7108     2.4934     2.5752      0.068  29.643841  29.640177     3.4569     3.4587     1.0130     50.541       6947          2  0.000e+00
          2     50.029     0.7108     2.4934     2.5752      0.074  29.643624  29.640177     3.4569     3.4586     1.0130     50.498       6948          2  0.000e+00
          2     50.029     0.7108     2.4934     2.5752      0.081  29.643080  29.640409     3.4573     3.4586     1.0130     50.498       6949          2  0.000e+00
          2     50.072     0.7108     2.4934     2.5752      0.086  29.643406  29.640699     3.4576     3.4586     1.0130     50.541       6950          2  0.000e+00
          2     50.041     0.7108     2.4934     2.5752      0.091  29.643732  29.640757     3.4577     3.4589     1.0130     50.510       6951          2  0.000e+00
          2     50.072     0.7108     2.4934     2.5752      0.098  29.643624  29.640931     3.4576     3.4590     1.0130     50.541       6952          2  0.000e+00
          2     50.072     0.7108     2.4934     2.5752      0.104  29.643950  29.641048     3.4582     3.4590     1.0130     50.541       6953          2  0.000e+00
          2     50.121     0.7108     2.4934     2.5752      0.112  29.643896  29.641048     3.4582     3.4592     1.0130     50.591       6954          2  0.000e+00
          2     50.072     0.7108     2.4934     2.5752      0.114  29.644222  29.641222     3.4585     3.4593     1.0130     50.541       6955          2  0.000e+00
          2     50.121     0.7108     2.4934     2.5752      0.122  29.643950  29.641744     3.4586     3.4595     1.0130     50.591       6956          2  0.000e+00
          2     50.121     0.7108     2.4934     2.5752      0.127  29.643841  29.641454     3.4588     3.4595     1.0130     50.591       6957          2  0.000e+00
          2     50.134     0.7108     2.4934     2.5752      0.134  29.644222  29.641512     3.4583     3.4595     1.0130     50.604       6958          2  0.000e+00
          2     50.121     0.7108     2.4934     2.5752      0.136  29.644167  29.641396     3.4585     3.4595     1.0130     50.591       6959          2  0.000e+00
          2     50.121     0.7108     2.4934     2.5752      0.141  29.644113  29.641338     3.4584     3.4592     1.0130     50.591       6960          2  0.000e+00
          2     50.121     0.7108     2.4934     2.5752      0.143  29.643461  29.641512     3.4586     3.4586     1.0130     50.591       6961          2  0.000e+00
          2     50.164     0.7108     2.4922     2.5752      0.149  29.642809  29.641570     3.4587     3.4581     1.0130     50.635       6962          2  0.000e+00
          2     50.164     0.7108     2.4922     2.5752      0.153  29.642700  29.641396     3.4588     3.4577     1.0130     50.635       6963          2  0.000e+00
          2     50.177     0.6986     2.4934     2.5752      0.158  29.642266  29.641686     3.4590     3.4573     1.0069     50.647       6964          2  0.000e+00
          2     50.164     0.6742     2.4934     2.5752      0.160  29.642157  29.642267     3.4592     3.4570     0.9947     50.635       6965          2  0.000e+00
          2     50.164     0.6619     2.4922     2.5752      0.163  29.641939  29.642035     3.4594     3.4568     0.9886     50.635       6966          2  0.000e+00
          2     50.208     0.6619     2.4922     2.5752      0.165  29.641994  29.641861     3.4591     3.4567     0.9886     50.678       6967          2  0.000e+00
          2     50.208     0.6619     2.4922     2.5752      0.170  29.641885  29.641861     3.4592     3.4570     0.9886     50.678       6968          2  0.000e+00
          2     50.164     0.6619     2.4922     2.5752      0.171  29.642483  29.642267     3.4591     3.4573     0.9886     50.635       6969          2  0.000e+00
          2     50.226     0.6619     2.4922     2.5752      0.173  29.642483  29.642035     3.4586     3.4574     0.9886     50.697       6970          2  0.000e+00
          2     50.208     0.6619     2.4922     2.5752      0.175  29.642429  29.641629     3.4585     3.4572     0.9886     50.678       6971          2  0.000e+00
          2     50.208     0.6619     2.4934     2.5752      0.176  29.642429  29.641396     3.4583     3.4573     0.9886     50.678       6972          2  0.000e+00
          2     50.257     0.6619     2.4934     2.5752      0.179  29.642211  29.641338     3.4581     3.4571     0.9886     50.728       6973          2  0.000e+00
          2     50.208     0.6619     2.4934     2.5752      0.179  29.642157  29.641106     3.4582     3.4570     0.9886     50.678       6974          2  0.000e+00
          2     50.257     0.6619     2.4934     2.5752      0.180  29.642320  29.640816     3.4578     3.4568     0.9886     50.728       6975          2  0.000e+00
          2     50.257     0.6619     2.4934     2.5752      0.182  29.642429  29.640526     3.4574     3.4571     0.9825     50.728       6976          2  0.000e+00
          2     50.226     0.6619     2.4934     2.5752      0.180  29.642211  29.640700     3.4571     3.4567     0.9886     50.697       6977          2  0.000e+00
          2     50.257     0.6619     2.4934     2.5752      0.179  29.641940  29.640293     3.4571     3.4568     0.9825     50.728       6978          2  0.000e+00
          2     50.257     0.6619     2.4934     2.5752      0.180  29.641668  29.640816     3.4574     3.4564     0.9886     50.728       6979          2  0.000e+00
          2     50.300     0.6619     2.4934     2.5752      0.182  29.641614  29.640584     3.4574     3.4562     0.9886     50.771       6980          2  0.000e+00
          2     50.257     0.6619     2.4934     2.5752      0.179  29.641396  29.640468     3.4571     3.4559     0.9886     50.728       6981          2  0.000e+00
          2     50.300     0.6619     2.4934     2.5752      0.181  29.641342  29.640468     3.4571     3.4562     0.9886     50.771       6982          2  0.000e+00
          2     50.269     0.6619     2.4934     2.5752      0.179  29.641342  29.640235     3.4568     3.4564     0.9886     50.740       6983          2  0.000e+00
          2     50.300     0.6619     2.4934     2.5752      0.178  29.641125  29.640003     3.4567     3.4559     0.9886     50.771       6984          2  0.000e+00
          2     50.300     0.6619     2.4934     2.5752      0.176  29.641233  29.639945     3.4565     3.4560     0.9825     50.771       6985          2  0.000e+00
          2     50.300     0.6619     2.4934     2.5752      0.176  29.641342  29.639945     3.4566     3.4559     0.9886     50.771       6986          2  0.000e+00
          2     50.300     0.6619     2.4934     2.5752      0.173  29.641125  29.640119     3.4566     3.4559     0.9886     50.771       6987          2  0.000e+00
          2     50.300     0.6619     2.4934     2.5752      0.172  29.641451  29.640410     3.4569     3.4559     0.9886     50.771       6988          2  0.000e+00
          2     50.300     0.6619     2.4934     2.5752      0.170  29.641396  29.640468     3.4571     3.4557     0.9886     50.771       6989          2  0.000e+00
          2     50.312     0.6619     2.4934     2.5752      0.168  29.641342  29.640468     3.4574     3.4559     0.9642     50.784       6990          2  0.000e+00
          2     50.300     0.6742     2.4934     2.5752      0.165  29.640907  29.640700     3.4573     3.4555     0.9459     50.771       6991          2  0.000e+00
