staticdata/example_data/profile_data/CTD001.ros
* Sea-Bird SBE 9 Data File:
* FileName = C:\Sea-Bird Data\2018\DY-18-05\CTD\CTD001.hex
* Software Version Seasave V 7.23.2
* Temperature SN = 4379
* Conductivity SN = 042985
* Number of Bytes Per Scan = 37
* Number of Voltage Words = 4
* Number of Scans Averaged by the Deck Unit = 1
* NMEA Latitude = 56 52.31 N
* NMEA Longitude = 164 03.02 W
* NMEA UTC (Time) = Apr 30 2018  19:11:51
* NMEA baud rate = 4800
# nquan = 15
# nvalues = 490                                   
# units = specified
# name 0 = bpos: Bottle Position in Carousel
# name 1 = depSM: Depth [salt water, m]
# name 2 = flECO-AFL: Fluorescence, WET Labs ECO-AFL/FL [mg/m^3]
# name 3 = sbeox0V: Oxygen raw, SBE 43 [V]
# name 4 = sbeox1V: Oxygen raw, SBE 43, 2 [V]
# name 5 = dz/dtM: Descent Rate [m/s]
# name 6 = c1mS/cm: Conductivity, 2 [mS/cm]
# name 7 = c0mS/cm: Conductivity [mS/cm]
# name 8 = t090C: Temperature [ITS-90, deg C]
# name 9 = t190C: Temperature, 2 [ITS-90, deg C]
# name 10 = turbWETntu0: Turbidity, WET Labs ECO [NTU]
# name 11 = prDM: Pressure, Digiquartz [db]
# name 12 = scan: Scan Count
# name 13 = nbf: Bottles Fired
# name 14 = flag:  0.000e+00
# interval = seconds: 0.0416667
# start_time = Apr 30 2018 19:11:51 [NMEA time, header]
# bad_flag = -9.990e-29
*END*
[from data line 193]
          4     41.569     0.8085     2.5069     2.5937      0.147  29.774079  29.772453     3.6091     3.6094     0.7811     41.958      21334          4  0.000e+00
          4     41.575     0.8085     2.5069     2.5949      0.122  29.774296  29.772162     3.6094     3.6095     0.7811     41.964      21335          4  0.000e+00
          4     41.519     0.8085     2.5069     2.5949      0.090  29.774514  29.772046     3.6091     3.6093     0.7566     41.908      21336          4  0.000e+00
          5     29.246     0.8817     2.5118     2.5949     -0.719  29.770831  29.767881     3.6102     3.6120     0.6895     29.519      24785          5  0.000e+00
          5     29.246     0.8817     2.5118     2.5949     -0.699  29.770831  29.767823     3.6106     3.6120     0.6895     29.519      24786          5  0.000e+00
          5     29.246     0.8817     2.5118     2.5949     -0.680  29.770504  29.767823     3.6104     3.6118     0.6895     29.519      24787          5  0.000e+00
          5     29.203     0.8817     2.5118     2.5949     -0.664  29.770613  29.767590     3.6108     3.6116     0.6895     29.475      24788          5  0.000e+00
          5     29.203     0.8817     2.5118     2.5949     -0.644  29.770559  29.767706     3.6109     3.6114     0.6895     29.475      24789          5  0.000e+00
          5     29.203     0.8817     2.5118     2.5949     -0.624  29.770450  29.767997     3.6109     3.6117     0.6895     29.475      24790          5  0.000e+00
          5     29.203     0.8817     2.5118     2.5949     -0.606  29.770613  29.768114     3.6109     3.6117     0.6895     29.475      24791          5  0.000e+00
          5     29.203     0.8817     2.5118     2.5949     -0.585  29.770559  29.768114     3.6111     3.6114     0.6895     29.475      24792          5  0.000e+00
          5     29.203     0.8817     2.5118     2.5949     -0.562  29.770450  29.768114     3.6111     3.6116     0.6895     29.475      24793          5  0.000e+00
          5     29.154     0.8817     2.5118     2.5949     -0.544  29.770177  29.768288     3.6111     3.6116     0.6895     29.426      24794          5  0.000e+00
          5     29.203     0.8817     2.5106     2.5949     -0.523  29.770831  29.768579     3.6112     3.6118     0.6895     29.475      24795          5  0.000e+00
          5     29.203     0.8817     2.5106     2.5949     -0.502  29.770776  29.768230     3.6112     3.6116     0.6895     29.475      24796          5  0.000e+00
          5     29.203     0.8817     2.5118     2.5961     -0.482  29.770885  29.768288     3.6112     3.6117     0.6895     29.475      24797          5  0.000e+00
          5     29.203     0.8817     2.5118     2.5949     -0.460  29.770668  29.768404     3.6114     3.6118     0.6895     29.475      24798          5  0.000e+00
          5     29.246     0.8817     2.5118     2.5949     -0.435  29.770885  29.768579     3.6116     3.6117     0.6895     29.519      24799          5  0.000e+00
          5     29.203     0.8817     2.5118     2.5949     -0.413  29.770667  29.768462     3.6114     3.6120     0.6895     29.475      24800          5  0.000e+00
          5     29.246     0.8817     2.5118     2.5949     -0.390  29.770668  29.768811     3.6114     3.6120     0.6895     29.519      24801          5  0.000e+00
          5     29.203     0.8817     2.5118     2.5949     -0.370  29.770885  29.768695     3.6116     3.6117     0.6895     29.475      24802          5  0.000e+00
          5     29.289     0.8817     2.5118     2.5949     -0.343  29.770831  29.768637     3.6114     3.6118     0.6895     29.562      24803          5  0.000e+00
          5     29.246     0.8817     2.5106     2.5949     -0.322  29.771158  29.768463     3.6116     3.6119     0.6895     29.519      24804          5  0.000e+00
          5     29.289     0.8817     2.5118     2.5949     -0.295  29.770831  29.768404     3.6117     3.6120     0.6895     29.562      24805          5  0.000e+00
          5     29.289     0.8817     2.5118     2.5949     -0.272  29.770994  29.768579     3.6116     3.6117     0.6895     29.562      24806          5  0.000e+00
          5     29.338     0.8817     2.5118     2.5949     -0.247  29.770995  29.768463     3.6111     3.6119     0.6895     29.612      24807          5  0.000e+00
          5     29.295     0.8573     2.5118     2.5949     -0.223  29.770777  29.768579     3.6114     3.6117     0.6895     29.569      24808          5  0.000e+00
          5     29.338     0.8085     2.5118     2.5949     -0.199  29.770559  29.768695     3.6114     3.6117     0.6895     29.612      24809          5  0.000e+00
          5     29.381     0.7963     2.5118     2.5949     -0.171  29.770450  29.768637     3.6117     3.6114     0.6895     29.655      24810          5  0.000e+00
          5     29.381     0.7963     2.5118     2.5949     -0.145  29.770614  29.768870     3.6116     3.6115     0.6895     29.655      24811          5  0.000e+00
          5     29.381     0.7963     2.5118     2.5949     -0.121  29.770559  29.768754     3.6117     3.6116     0.6895     29.655      24812          5  0.000e+00
          5     29.431     0.7963     2.5118     2.5949     -0.096  29.770668  29.768870     3.6117     3.6115     0.6895     29.705      24813          5  0.000e+00
          5     29.474     0.7963     2.5118     2.5949     -0.068  29.770505  29.768521     3.6116     3.6113     0.6895     29.749      24814          5  0.000e+00
          5     29.474     0.7963     2.5118     2.5949     -0.043  29.770505  29.768987     3.6116     3.6114     0.6895     29.749      24815          5  0.000e+00
          5     29.474     0.7963     2.5118     2.5949     -0.017  29.770668  29.768754     3.6116     3.6117     0.6895     29.749      24816          5  0.000e+00
          5     29.517     0.7963     2.5118     2.5949      0.009  29.770995  29.768463     3.6112     3.6117     0.6895     29.792      24817          5  0.000e+00
          5     29.566     0.7963     2.5118     2.5949      0.035  29.770777  29.768405     3.6111     3.6120     0.6895     29.842      24818          5  0.000e+00
          5     29.609     0.7963     2.5118     2.5949      0.065  29.770886  29.768173     3.6111     3.6115     0.6895     29.885      24819          5  0.000e+00
          5     29.609     0.7963     2.5118     2.5949      0.091  29.770669  29.768115     3.6109     3.6116     0.6895     29.885      24820          5  0.000e+00
          5     29.609     0.7963     2.5118     2.5949      0.115  29.770451  29.768464     3.6111     3.6117     0.6895     29.885      24821          5  0.000e+00
          5     29.701     0.7963     2.5118     2.5949      0.145  29.770451  29.768464     3.6109     3.6114     0.6895     29.978      24822          5  0.000e+00
          5     29.701     0.7963     2.5118     2.5961      0.171  29.770506  29.768580     3.6109     3.6113     0.6895     29.978      24823          5  0.000e+00
          5     29.744     0.7963     2.5118     2.5949      0.196  29.770451  29.768231     3.6108     3.6110     0.6895     30.022      24824          5  0.000e+00
          5     29.744     0.7963     2.5118     2.5949      0.221  29.770179  29.768290     3.6108     3.6109     0.6895     30.022      24825          5  0.000e+00
          5     29.744     0.7963     2.5118     2.5949      0.244  29.769961  29.767941     3.6106     3.6107     0.6895     30.022      24826          5  0.000e+00
          5     29.923     0.7963     2.5118     2.5949      0.277  29.770071  29.768232     3.6106     3.6113     0.6895     30.202      24827          5  0.000e+00
          5     29.837     0.7963     2.5118     2.5949      0.300  29.770778  29.768174     3.6104     3.6116     0.6895     30.115      24828          5  0.000e+00
          5     29.923     0.7963     2.5106     2.5949      0.327  29.770833  29.768116     3.6104     3.6118     0.6895     30.202      24829          5  0.000e+00
          5     29.923     0.7963     2.5118     2.5949      0.352  29.771160  29.768116     3.6105     3.6119     0.6895     30.202      24830          5  0.000e+00
          5     30.015     0.7963     2.5118     2.5949      0.379  29.770833  29.768290     3.6106     3.6116     0.6895     30.295      24831          5  0.000e+00
          5     30.058     0.7963     2.5118     2.5949      0.409  29.770561  29.768581     3.6108     3.6110     0.6895     30.339      24832          5  0.000e+00
          5     30.058     0.7963     2.5118     2.5961      0.428  29.770452  29.768639     3.6109     3.6108     0.6895     30.339      24833          5  0.000e+00
          6     26.274     0.8573     2.5143     2.5998      1.064  29.769026  29.767175     3.6108     3.6108     0.6529     26.518      27455          6  0.000e+00
          6     26.360     0.8573     2.5143     2.5998      1.102  29.769190  29.766826     3.6109     3.6109     0.6529     26.605      27456          6  0.000e+00
          6     26.452     0.8573     2.5143     2.5998      1.140  29.769135  29.767350     3.6111     3.6108     0.6529     26.699      27457          6  0.000e+00
          6     26.495     0.8573     2.5143     2.5998      1.175  29.769244  29.767292     3.6109     3.6111     0.6529     26.742      27458          6  0.000e+00
          6     26.544     0.8573     2.5143     2.5998      1.208  29.769299  29.767234     3.6111     3.6111     0.6529     26.792      27459          6  0.000e+00
          6     26.680     0.8573     2.5143     2.5998      1.244  29.769136  29.767059     3.6109     3.6105     0.6529     26.928      27460          6  0.000e+00
          6     26.766     0.8573     2.5143     2.5998      1.278  29.769245  29.767351     3.6109     3.6108     0.6529     27.015      27461          6  0.000e+00
          6     26.772     0.8573     2.5131     2.5998      1.307  29.769082  29.767351     3.6108     3.6104     0.6529     27.021      27462          6  0.000e+00
          6     26.858     0.8695     2.5131     2.5998      1.335  29.769082  29.767467     3.6108     3.6105     0.6773     27.108      27463          6  0.000e+00
          6     26.993     0.9061     2.5143     2.5998      1.364  29.769028  29.767526     3.6108     3.6104     0.7872     27.245      27464          6  0.000e+00
          6     26.950     0.9184     2.5143     2.5998      1.387  29.769028  29.767525     3.6109     3.6105     0.8360     27.201      27465          6  0.000e+00
          6     27.085     0.9184     2.5143     2.5998      1.414  29.769083  29.767584     3.6108     3.6106     0.8360     27.338      27466          6  0.000e+00
          6     27.129     0.9184     2.5143     2.5998      1.435  29.769246  29.767293     3.6109     3.6108     0.8299     27.382      27467          6  0.000e+00
          6     27.172     0.9184     2.5143     2.5998      1.456  29.769682  29.767468     3.6109     3.6110     0.8299     27.425      27468          6  0.000e+00
          6     27.307     0.9184     2.5143     2.5986      1.479  29.769900  29.767527     3.6109     3.6113     0.8299     27.562      27469          6  0.000e+00
          6     27.313     0.9184     2.5143     2.5998      1.498  29.769846  29.767352     3.6106     3.6113     0.8299     27.568      27470          6  0.000e+00
          6     27.356     0.9184     2.5143     2.5998      1.512  29.769846  29.767294     3.6106     3.6114     0.8299     27.611      27471          6  0.000e+00
          6     27.399     0.9184     2.5131     2.5998      1.524  29.769683  29.767062     3.6106     3.6111     0.8299     27.655      27472          6  0.000e+00
          6     27.491     0.9184     2.5143     2.5998      1.538  29.769792  29.767004     3.6108     3.6110     0.8299     27.748      27473          6  0.000e+00
          6     27.535     0.9184     2.5143     2.5998      1.547  29.769901  29.767585     3.6108     3.6113     0.8299     27.791      27474          6  0.000e+00
          6     27.578     0.9184     2.5131     2.5998      1.556  29.770282  29.767993     3.6109     3.6114     0.8299     27.835      27475          6  0.000e+00
          6     27.578     0.9184     2.5131     2.5986      1.559  29.769955  29.767876     3.6112     3.6112     0.8299     27.835      27476          6  0.000e+00
          6     27.762     0.9184     2.5131     2.5998      1.567  29.769684  29.767819     3.6112     3.6116     0.8299     28.021      27477          6  0.000e+00
          6     27.719     0.9184     2.5131     2.5998      1.569  29.770010  29.767818     3.6114     3.6115     0.8299     27.978      27478          6  0.000e+00
          6     27.762     0.9184     2.5131     2.5998      1.569  29.770119  29.767993     3.6114     3.6116     0.8299     28.021      27479          6  0.000e+00
          6     27.854     0.9184     2.5143     2.5998      1.566  29.769956  29.767877     3.6114     3.6114     0.8299     28.114      27480          6  0.000e+00
          6     27.854     0.9184     2.5143     2.5998      1.562  29.770500  29.767819     3.6114     3.6115     0.8299     28.114      27481          6  0.000e+00
          6     27.897     0.9184     2.5143     2.5998      1.555  29.770228  29.767819     3.6112     3.6114     0.8299     28.158      27482          6  0.000e+00
          6     27.897     0.9184     2.5143     2.5998      1.547  29.769793  29.767819     3.6114     3.6117     0.8299     28.158      27483          6  0.000e+00
          6     27.990     0.9184     2.5143     2.5998      1.537  29.769793  29.767994     3.6116     3.6117     0.8299     28.251      27484          6  0.000e+00
          6     27.947     0.9184     2.5143     2.5998      1.523  29.770283  29.767877     3.6114     3.6116     0.8299     28.207      27485          6  0.000e+00
          6     27.990     0.9184     2.5143     2.5998      1.507  29.770501  29.767994     3.6114     3.6118     0.8299     28.251      27486          6  0.000e+00
          6     28.033     0.9184     2.5143     2.5998      1.489  29.770664  29.768110     3.6114     3.6119     0.8299     28.294      27487          6  0.000e+00
          6     28.033     0.9184     2.5131     2.5998      1.470  29.770229  29.768110     3.6117     3.6120     0.8299     28.294      27488          6  0.000e+00
          6     28.076     0.9061     2.5131     2.5998      1.450  29.770174  29.767878     3.6114     3.6118     0.7750     28.338      27489          6  0.000e+00
          6     28.076     0.8817     2.5131     2.5998      1.425  29.770120  29.767994     3.6116     3.6122     0.7200     28.338      27490          6  0.000e+00
          6     28.076     0.8817     2.5131     2.5998      1.396  29.769902  29.768285     3.6116     3.6117     0.7078     28.338      27491          6  0.000e+00
          6     28.125     0.8817     2.5131     2.5998      1.370  29.770338  29.767936     3.6114     3.6118     0.7139     28.387      27492          6  0.000e+00
          6     28.076     0.8817     2.5131     2.5998      1.337  29.770447  29.767994     3.6114     3.6117     0.7139     28.338      27493          6  0.000e+00
          6     28.125     0.8817     2.5131     2.5998      1.303  29.770066  29.768285     3.6116     3.6117     0.7139     28.387      27494          6  0.000e+00
          6     28.125     0.8817     2.5131     2.5998      1.269  29.770283  29.768401     3.6116     3.6120     0.7139     28.387      27495          6  0.000e+00
          6     28.168     0.8695     2.5131     2.5998      1.234  29.770610  29.768401     3.6116     3.6116     0.7139     28.431      27496          6  0.000e+00
          6     28.125     0.8817     2.5131     2.5998      1.196  29.770338  29.768169     3.6116     3.6120     0.7139     28.387      27497          6  0.000e+00
          6     28.168     0.8817     2.5131     2.5998      1.160  29.770556  29.767878     3.6116     3.6119     0.7139     28.431      27498          6  0.000e+00
