staticdata/example_data/profile_data/CTD003.ros
* Sea-Bird SBE 9 Data File:
* FileName = C:\Sea-Bird Data\2018\DY-18-05\CTD\CTD003.hex
* Software Version Seasave V 7.23.2
* Temperature SN = 4379
* Conductivity SN = 042985
* Number of Bytes Per Scan = 37
* Number of Voltage Words = 4
* Number of Scans Averaged by the Deck Unit = 1
* NMEA Latitude = 56 40.21 N
* NMEA Longitude = 163 51.94 W
* NMEA UTC (Time) = May 01 2018  07:57:30
* NMEA baud rate = 4800
# nquan = 15
# nvalues = 343                                   
# units = specified
# name 0 = bpos: Bottle Position in Carousel
# name 1 = depSM: Depth [salt water, m]
# name 2 = flECO-AFL: Fluorescence, WET Labs ECO-AFL/FL [mg/m^3]
# name 3 = sbeox0V: Oxygen raw, SBE 43 [V]
# name 4 = sbeox1V: Oxygen raw, SBE 43, 2 [V]
# name 5 = dz/dtM: Descent Rate [m/s]
# name 6 = c1mS/cm: Conductivity, 2 [mS/cm]
# name 7 = c0mS/cm: Conductivity [mS/cm]
# name 8 = t090C: Temperature [ITS-90, deg C]
# name 9 = t190C: Temperature, 2 [ITS-90, deg C]
# name 10 = turbWETntu0: Turbidity, WET Labs ECO [NTU]
# name 11 = prDM: Pressure, Digiquartz [db]
# name 12 = scan: Scan Count
# name 13 = nbf: Bottles Fired
# name 14 = flag:  0.000e+00
# interval = seconds: 0.0416667
# start_time = May 01 2018 07:57:30 [NMEA time, header]
# bad_flag = -9.990e-29
*END*
          1     69.901     0.9184     2.5043     2.5898     -0.039  29.578983  29.576630     3.3922     3.3934     0.9520     70.559       6555          1  0.000e+00
          1     69.993     0.9184     2.5043     2.5898     -0.045  29.579146  29.576630     3.3923     3.3929     0.9581     70.652       6556          1  0.000e+00
          1     69.919     0.9184     2.5043     2.5886     -0.054  29.578928  29.576630     3.3922     3.3930     0.9581     70.577       6557          1  0.000e+00
          1     69.901     0.9184     2.5043     2.5886     -0.066  29.578983  29.576630     3.3922     3.3930     0.9520     70.559       6558          1  0.000e+00
          1     69.901     0.9184     2.5043     2.5886     -0.074  29.579308  29.576804     3.3922     3.3930     0.9581     70.559       6559          1  0.000e+00
          1     69.876     0.9184     2.5043     2.5874     -0.085  29.579417  29.576688     3.3923     3.3930     0.9581     70.534       6560          1  0.000e+00
          1     69.858     0.9184     2.5043     2.5874     -0.095  29.579200  29.576630     3.3923     3.3934     0.9581     70.515       6561          1  0.000e+00
          1     69.876     0.9184     2.5043     2.5886     -0.104  29.579037  29.576804     3.3923     3.3934     0.9581     70.534       6562          1  0.000e+00
          1     69.858     0.9184     2.5043     2.5886     -0.113  29.579308  29.576688     3.3923     3.3932     0.9581     70.515       6563          1  0.000e+00
          1     69.858     0.9184     2.5031     2.5886     -0.119  29.579200  29.576804     3.3925     3.3932     0.9581     70.515       6564          1  0.000e+00
          1     69.827     0.9306     2.5031     2.5874     -0.126  29.579145  29.576514     3.3923     3.3934     0.9642     70.484       6565          1  0.000e+00
          1     69.815     0.9428     2.5043     2.5874     -0.135  29.579145  29.576572     3.3925     3.3932     0.9703     70.472       6566          1  0.000e+00
          1     69.815     0.9428     2.5043     2.5874     -0.145  29.579471  29.576862     3.3923     3.3932     0.9703     70.472       6567          1  0.000e+00
          1     69.784     0.9428     2.5043     2.5874     -0.152  29.579254  29.576688     3.3923     3.3927     0.9703     70.441       6568          1  0.000e+00
          1     69.815     0.9428     2.5043     2.5874     -0.157  29.579145  29.576630     3.3925     3.3932     0.9703     70.472       6569          1  0.000e+00
          1     69.765     0.9428     2.5043     2.5874     -0.165  29.579145  29.576630     3.3923     3.3934     0.9703     70.422       6570          1  0.000e+00
          1     69.741     0.9428     2.5043     2.5874     -0.173  29.579036  29.576456     3.3925     3.3932     0.9703     70.397       6571          1  0.000e+00
          1     69.765     0.9428     2.5043     2.5874     -0.178  29.579091  29.576746     3.3925     3.3934     0.9703     70.422       6572          1  0.000e+00
          1     69.741     0.9428     2.5043     2.5874     -0.185  29.579308  29.576920     3.3923     3.3940     0.9703     70.397       6573          1  0.000e+00
          1     69.722     0.9306     2.5043     2.5874     -0.194  29.579579  29.576688     3.3925     3.3942     0.9703     70.379       6574          1  0.000e+00
          1     69.673     0.9428     2.5043     2.5874     -0.200  29.579253  29.576803     3.3925     3.3939     0.9703     70.329       6575          1  0.000e+00
          1     69.691     0.9306     2.5043     2.5874     -0.206  29.579471  29.576513     3.3925     3.3939     0.9703     70.347       6576          1  0.000e+00
          1     69.673     0.9428     2.5043     2.5874     -0.213  29.579416  29.576977     3.3925     3.3937     0.9703     70.329       6577          1  0.000e+00
          1     69.673     0.9428     2.5043     2.5874     -0.219  29.579579  29.576745     3.3925     3.3937     0.9703     70.329       6578          1  0.000e+00
          1     69.648     0.9428     2.5043     2.5874     -0.224  29.579471  29.576629     3.3925     3.3934     0.9642     70.304       6579          1  0.000e+00
          1     69.673     0.9428     2.5043     2.5874     -0.228  29.579525  29.576803     3.3925     3.3934     0.9703     70.329       6580          1  0.000e+00
          1     69.538     0.9428     2.5043     2.5849     -0.239  29.579416  29.576919     3.3923     3.3937     0.9703     70.192       6581          1  0.000e+00
          1     69.648     0.9428     2.5043     2.5874     -0.244  29.579416  29.576687     3.3926     3.3934     0.9642     70.304       6582          1  0.000e+00
          1     69.630     0.9306     2.5043     2.5874     -0.246  29.579416  29.576803     3.3923     3.3934     0.9703     70.285       6583          1  0.000e+00
          1     69.556     0.9428     2.5043     2.5874     -0.252  29.579199  29.576687     3.3925     3.3934     0.9703     70.211       6584          1  0.000e+00
          1     69.587     0.9306     2.5043     2.5874     -0.258  29.579036  29.576455     3.3923     3.3935     0.9703     70.242       6585          1  0.000e+00
          1     69.538     0.9428     2.5043     2.5861     -0.263  29.579307  29.576803     3.3923     3.3932     0.9703     70.192       6586          1  0.000e+00
          1     69.513     0.9428     2.5043     2.5874     -0.269  29.579199  29.576687     3.3925     3.3935     0.9703     70.167       6587          1  0.000e+00
          1     69.538     0.9428     2.5043     2.5874     -0.271  29.579307  29.576455     3.3923     3.3934     0.9703     70.192       6588          1  0.000e+00
          1     69.494     0.9306     2.5043     2.5849     -0.278  29.578927  29.576571     3.3923     3.3932     0.9703     70.149       6589          1  0.000e+00
          1     69.470     0.9794     2.5043     2.5874     -0.283  29.578818  29.576629     3.3925     3.3934     0.9947     70.124       6590          1  0.000e+00
          1     69.451     1.0038     2.5043     2.5849     -0.289  29.579253  29.576455     3.3923     3.3932     1.0130     70.105       6591          1  0.000e+00
          1     69.451     1.0160     2.5043     2.5849     -0.293  29.578981  29.576571     3.3923     3.3930     1.0192     70.105       6592          1  0.000e+00
          1     69.470     1.0160     2.5043     2.5849     -0.295  29.579036  29.576223     3.3922     3.3930     1.0192     70.124       6593          1  0.000e+00
          1     69.402     1.0160     2.5043     2.5849     -0.302  29.579036  29.576455     3.3925     3.3932     1.0192     70.055       6594          1  0.000e+00
          1     69.402     1.0160     2.5043     2.5849     -0.307  29.579090  29.576803     3.3923     3.3930     1.0192     70.055       6595          1  0.000e+00
          1     69.377     1.0038     2.5043     2.5849     -0.310  29.578927  29.576280     3.3925     3.3932     1.0192     70.030       6596          1  0.000e+00
          1     69.359     1.0038     2.5043     2.5849     -0.315  29.579035  29.576280     3.3923     3.3932     1.0192     70.012       6597          1  0.000e+00
          1     69.316     1.0038     2.5043     2.5849     -0.324  29.579035  29.576570     3.3925     3.3929     1.0192     69.968       6598          1  0.000e+00
          1     69.377     1.0038     2.5043     2.5849     -0.325  29.579090  29.576629     3.3923     3.3930     1.0192     70.030       6599          1  0.000e+00
          1     69.316     1.0160     2.5043     2.5849     -0.328  29.578709  29.576454     3.3925     3.3930     1.0192     69.968       6600          1  0.000e+00
          1     69.285     1.0038     2.5043     2.5849     -0.333  29.578601  29.576570     3.3925     3.3929     1.0192     69.937       6601          1  0.000e+00
          1     69.267     1.0038     2.5043     2.5849     -0.341  29.578709  29.576628     3.3925     3.3927     1.0192     69.919       6602          1  0.000e+00
          1     69.267     1.0038     2.5043     2.5849     -0.345  29.579035  29.576628     3.3925     3.3929     1.0192     69.919       6603          1  0.000e+00
          2     51.093     0.9672     2.5044     2.5972      0.641  29.588431  29.585045     3.4109     3.4126     0.7444     51.572       9106          2  0.000e+00
          2     51.093     0.9672     2.5056     2.5972      0.609  29.588811  29.584697     3.4110     3.4132     0.7444     51.572       9107          2  0.000e+00
          2     51.044     0.9672     2.5044     2.5948      0.577  29.588920  29.584639     3.4112     3.4137     0.7444     51.522       9108          2  0.000e+00
          2     51.093     0.9672     2.5044     2.5948      0.548  29.588485  29.584813     3.4114     3.4123     0.7444     51.572       9109          2  0.000e+00
          2     51.001     0.9672     2.5044     2.5960      0.511  29.587127  29.585277     3.4112     3.4113     0.7444     51.479       9110          2  0.000e+00
          2     51.044     0.9672     2.5044     2.5960      0.479  29.586313  29.585625     3.4110     3.4103     0.7444     51.522       9111          2  0.000e+00
          2     51.013     0.9672     2.5044     2.5948      0.445  29.586150  29.585335     3.4110     3.4098     0.7444     51.491       9112          2  0.000e+00
          2     50.958     0.9672     2.5044     2.5948      0.408  29.586367  29.585219     3.4109     3.4096     0.7444     51.435       9113          2  0.000e+00
          2     50.958     0.9672     2.5044     2.5948      0.375  29.586476  29.585567     3.4109     3.4101     0.7444     51.435       9114          2  0.000e+00
          2     50.958     0.9672     2.5056     2.5972      0.341  29.586476  29.585509     3.4109     3.4099     0.7444     51.435       9115          2  0.000e+00
          2     50.909     0.9672     2.5044     2.5948      0.308  29.586476  29.585277     3.4110     3.4101     0.7444     51.386       9116          2  0.000e+00
          2     50.909     0.9672     2.5056     2.5948      0.270  29.586421  29.585393     3.4110     3.4099     0.7383     51.386       9117          2  0.000e+00
          2     50.866     0.9550     2.5056     2.5948      0.236  29.585824  29.585451     3.4110     3.4094     0.7200     51.342       9118          2  0.000e+00
          2     50.835     0.9428     2.5044     2.5948      0.199  29.585824  29.585044     3.4107     3.4090     0.7139     51.311       9119          2  0.000e+00
          2     50.823     0.9550     2.5056     2.5948      0.163  29.585715  29.585276     3.4109     3.4093     0.7139     51.299       9120          2  0.000e+00
          2     50.773     0.9428     2.5056     2.5948      0.127  29.585823  29.585450     3.4114     3.4094     0.7139     51.249       9121          2  0.000e+00
          2     50.730     0.9550     2.5056     2.5948      0.089  29.586095  29.585856     3.4117     3.4094     0.7139     51.206       9122          2  0.000e+00
          2     50.730     0.9428     2.5056     2.5948      0.053  29.586366  29.586030     3.4120     3.4096     0.7139     51.206       9123          2  0.000e+00
          2     50.681     0.9550     2.5056     2.5948      0.017  29.585823  29.586378     3.4120     3.4098     0.7139     51.156       9124          2  0.000e+00
          2     50.638     0.9550     2.5056     2.5948     -0.018  29.586258  29.586552     3.4121     3.4103     0.7139     51.112       9125          2  0.000e+00
          2     50.607     0.9550     2.5056     2.5948     -0.055  29.586638  29.586378     3.4123     3.4106     0.7139     51.081       9126          2  0.000e+00
          2     50.595     0.9550     2.5056     2.5948     -0.090  29.586909  29.586494     3.4125     3.4106     0.7139     51.069       9127          2  0.000e+00
          2     50.546     0.9428     2.5044     2.5948     -0.124  29.587180  29.586552     3.4125     3.4109     0.7139     51.019       9128          2  0.000e+00
          2     50.503     0.9428     2.5044     2.5948     -0.161  29.587452  29.586552     3.4126     3.4116     0.7139     50.976       9129          2  0.000e+00
          2     50.503     0.9550     2.5056     2.5948     -0.193  29.587723  29.586726     3.4125     3.4118     0.7139     50.976       9130          2  0.000e+00
          2     50.460     0.9428     2.5056     2.5948     -0.227  29.587995  29.586610     3.4125     3.4123     0.7139     50.932       9131          2  0.000e+00
          2     50.410     0.9550     2.5056     2.5948     -0.261  29.588266  29.586145     3.4123     3.4125     0.7139     50.882       9132          2  0.000e+00
          2     50.336     0.9550     2.5044     2.5948     -0.296  29.588320  29.586609     3.4121     3.4123     0.7139     50.808       9133          2  0.000e+00
          2     50.367     0.9428     2.5044     2.5948     -0.327  29.588375  29.586435     3.4118     3.4126     0.7139     50.839       9134          2  0.000e+00
          2     50.275     0.9428     2.5044     2.5948     -0.359  29.588755  29.586319     3.4121     3.4129     0.7139     50.746       9135          2  0.000e+00
          2     50.232     0.9550     2.5044     2.5948     -0.393  29.588917  29.586087     3.4123     3.4134     0.7139     50.702       9136          2  0.000e+00
          2     50.189     0.9428     2.5044     2.5948     -0.427  29.589515  29.586203     3.4123     3.4139     0.7139     50.659       9137          2  0.000e+00
          2     50.189     0.9428     2.5044     2.5948     -0.455  29.589515  29.586493     3.4125     3.4141     0.7139     50.659       9138          2  0.000e+00
          2     50.140     0.9428     2.5056     2.5948     -0.486  29.589460  29.586377     3.4126     3.4142     0.7139     50.609       9139          2  0.000e+00
          2     50.066     0.9428     2.5044     2.5948     -0.518  29.589894  29.586667     3.4126     3.4142     0.7139     50.535       9140          2  0.000e+00
          2     50.053     0.9428     2.5056     2.5948     -0.547  29.589840  29.586841     3.4126     3.4141     0.7139     50.522       9141          2  0.000e+00
          2     50.004     0.9550     2.5056     2.5935     -0.575  29.589731  29.586840     3.4128     3.4144     0.7139     50.472       9142          2  0.000e+00
          2     49.918     0.9184     2.5056     2.5948     -0.604  29.589514  29.586840     3.4129     3.4142     0.7139     50.385       9143          2  0.000e+00
          2     49.918     0.8939     2.5056     2.5948     -0.632  29.589677  29.586608     3.4128     3.4142     0.7078     50.385       9144          2  0.000e+00
          2     49.869     0.8939     2.5068     2.5948     -0.657  29.589785  29.586724     3.4128     3.4144     0.7078     50.336       9145          2  0.000e+00
          2     49.838     0.9061     2.5056     2.5948     -0.681  29.589514  29.586608     3.4126     3.4141     0.7078     50.305       9146          2  0.000e+00
          2     49.783     0.8939     2.5056     2.5948     -0.706  29.589839  29.586550     3.4129     3.4142     0.7078     50.249       9147          2  0.000e+00
          2     49.690     0.8939     2.5056     2.5948     -0.732  29.589839  29.586724     3.4129     3.4144     0.7078     50.156       9148          2  0.000e+00
          2     49.690     0.8695     2.5044     2.5948     -0.755  29.589785  29.586840     3.4131     3.4145     0.7078     50.156       9149          2  0.000e+00
          2     49.647     0.8939     2.5044     2.5948     -0.775  29.589513  29.586607     3.4126     3.4142     0.7078     50.112       9150          2  0.000e+00
          2     49.598     0.9061     2.5056     2.5948     -0.797  29.589893  29.586549     3.4128     3.4144     0.7078     50.062       9151          2  0.000e+00
          2     49.524     0.8939     2.5056     2.5948     -0.819  29.590219  29.586549     3.4128     3.4147     0.7078     49.988       9152          2  0.000e+00
