staticdata/example_data/profile_data/ctd002.ros
* Sea-Bird SBE 9 Data File:
* FileName = C:\Sea-Bird Data\2018\DY-18-05\CTD\CTD002.hex
* Software Version Seasave V 7.23.2
* Temperature SN = 4379
* Conductivity SN = 042985
* Number of Bytes Per Scan = 37
* Number of Voltage Words = 4
* Number of Scans Averaged by the Deck Unit = 1
* NMEA Latitude = 56 56.64 N
* NMEA Longitude = 163 49.70 W
* NMEA UTC (Time) = May 01 2018  03:54:36
* NMEA baud rate = 4800
# nquan = 15
# nvalues = 343                                   
# units = specified
# name 0 = bpos: Bottle Position in Carousel
# name 1 = depSM: Depth [salt water, m]
# name 2 = flECO-AFL: Fluorescence, WET Labs ECO-AFL/FL [mg/m^3]
# name 3 = sbeox0V: Oxygen raw, SBE 43 [V]
# name 4 = sbeox1V: Oxygen raw, SBE 43, 2 [V]
# name 5 = dz/dtM: Descent Rate [m/s]
# name 6 = c1mS/cm: Conductivity, 2 [mS/cm]
# name 7 = c0mS/cm: Conductivity [mS/cm]
# name 8 = t090C: Temperature [ITS-90, deg C]
# name 9 = t190C: Temperature, 2 [ITS-90, deg C]
# name 10 = turbWETntu0: Turbidity, WET Labs ECO [NTU]
# name 11 = prDM: Pressure, Digiquartz [db]
# name 12 = scan: Scan Count
# name 13 = nbf: Bottles Fired
# name 14 = flag:  0.000e+00
# interval = seconds: 0.0416667
# start_time = May 01 2018 03:54:36 [NMEA time, header]
# bad_flag = -9.990e-29
*END*
[from data line 97]
          2     51.614     1.0527     2.5214     2.6033      0.457  29.134445  29.132316     2.9607     2.9611     1.3427     52.098       6146          2  0.000e+00
          3     40.464     1.0649     2.5263     2.6082     -0.243  29.137491  29.136438     2.9708     2.9706     0.9459     40.843       7296          3  0.000e+00
          3     40.408     1.0527     2.5263     2.6082     -0.244  29.137761  29.136495     2.9708     2.9705     0.9459     40.787       7297          3  0.000e+00
          3     40.544     1.0649     2.5263     2.6082     -0.232  29.138139  29.136323     2.9710     2.9709     0.9459     40.923       7298          3  0.000e+00
          3     40.507     1.0527     2.5263     2.6082     -0.225  29.137977  29.136265     2.9708     2.9716     0.9459     40.886       7299          3  0.000e+00
          3     40.501     1.0649     2.5263     2.6082     -0.217  29.138571  29.136265     2.9707     2.9718     0.9459     40.880       7300          3  0.000e+00
          3     40.464     1.0649     2.5276     2.6082     -0.211  29.138733  29.136380     2.9708     2.9714     0.9459     40.843       7301          3  0.000e+00
          3     40.501     1.0649     2.5276     2.6094     -0.203  29.138085  29.136265     2.9710     2.9710     0.9459     40.880       7302          3  0.000e+00
          3     40.501     1.0649     2.5263     2.6069     -0.195  29.138139  29.136265     2.9711     2.9711     0.9459     40.880       7303          3  0.000e+00
          3     40.507     1.0649     2.5263     2.6082     -0.185  29.137977  29.136265     2.9707     2.9708     0.9459     40.886       7304          3  0.000e+00
          3     40.501     1.0649     2.5263     2.6082     -0.178  29.138139  29.136034     2.9711     2.9707     0.9459     40.880       7305          3  0.000e+00
          3     40.507     1.0649     2.5263     2.6082     -0.169  29.137761  29.136149     2.9710     2.9706     0.9459     40.886       7306          3  0.000e+00
          3     40.501     1.0649     2.5263     2.6082     -0.158  29.137869  29.136611     2.9715     2.9702     0.9459     40.880       7307          3  0.000e+00
          3     40.501     1.0649     2.5263     2.6082     -0.151  29.137491  29.136726     2.9715     2.9703     0.9459     40.880       7308          3  0.000e+00
          3     40.507     1.0527     2.5276     2.6082     -0.143  29.137599  29.136726     2.9718     2.9700     0.9459     40.886       7309          3  0.000e+00
          3     40.544     1.0649     2.5276     2.6082     -0.132  29.137221  29.136784     2.9719     2.9702     0.9459     40.923       7310          3  0.000e+00
          3     40.507     1.0649     2.5263     2.6094     -0.123  29.137329  29.136553     2.9716     2.9703     0.9459     40.886       7311          3  0.000e+00
          3     40.544     1.0649     2.5263     2.6082     -0.111  29.137383  29.136669     2.9715     2.9701     0.9459     40.923       7312          3  0.000e+00
          3     40.544     1.0649     2.5263     2.6094     -0.101  29.137383  29.136553     2.9713     2.9702     0.9459     40.923       7313          3  0.000e+00
          3     40.556     1.0649     2.5263     2.6094     -0.090  29.137383  29.136323     2.9710     2.9702     0.9398     40.936       7314          3  0.000e+00
          3     40.501     1.0649     2.5263     2.6082     -0.085  29.137599  29.136034     2.9708     2.9702     0.9520     40.880       7315          3  0.000e+00
          3     40.642     1.0649     2.5263     2.6094     -0.068  29.137059  29.135861     2.9703     2.9702     0.9642     41.023       7316          3  0.000e+00
          3     40.544     1.0527     2.5263     2.6082     -0.060  29.137437  29.135515     2.9703     2.9702     0.9703     40.923       7317          3  0.000e+00
          3     40.636     1.0649     2.5263     2.6094     -0.045  29.137653  29.135804     2.9700     2.9702     0.9703     41.017       7318          3  0.000e+00
          3     40.556     1.0649     2.5263     2.6082     -0.035  29.137653  29.135515     2.9700     2.9703     0.9703     40.936       7319          3  0.000e+00
          3     40.636     1.0649     2.5263     2.6094     -0.023  29.137653  29.135400     2.9702     2.9704     0.9703     41.017       7320          3  0.000e+00
          3     40.599     1.0649     2.5263     2.6094     -0.013  29.137437  29.135573     2.9700     2.9705     0.9703     40.979       7321          3  0.000e+00
          3     40.636     1.0649     2.5263     2.6082      0.001  29.137599  29.135458     2.9703     2.9705     0.9703     41.017       7322          3  0.000e+00
          3     40.679     1.0649     2.5251     2.6094      0.014  29.137653  29.135746     2.9702     2.9708     0.9703     41.060       7323          3  0.000e+00
          3     40.642     1.0649     2.5263     2.6094      0.026  29.137653  29.135515     2.9702     2.9711     0.9703     41.023       7324          3  0.000e+00
          3     40.679     1.0649     2.5263     2.6094      0.038  29.138085  29.135573     2.9703     2.9709     0.9703     41.060       7325          3  0.000e+00
          3     40.691     1.0649     2.5263     2.6094      0.050  29.137977  29.135688     2.9702     2.9709     0.9703     41.072       7326          3  0.000e+00
          3     40.679     1.0649     2.5263     2.6094      0.061  29.137923  29.135285     2.9702     2.9711     0.9703     41.060       7327          3  0.000e+00
          3     40.728     1.0649     2.5263     2.6082      0.076  29.138517  29.135746     2.9702     2.9711     0.9703     41.110       7328          3  0.000e+00
          3     40.691     1.0649     2.5263     2.6082      0.084  29.138571  29.135515     2.9703     2.9710     0.9703     41.072       7329          3  0.000e+00
          3     40.771     1.0649     2.5263     2.6082      0.098  29.138247  29.135573     2.9700     2.9714     0.9642     41.153       7330          3  0.000e+00
          3     40.734     1.0649     2.5263     2.6082      0.108  29.138409  29.135631     2.9702     2.9711     0.9703     41.116       7331          3  0.000e+00
          3     40.771     1.0649     2.5263     2.6094      0.120  29.138247  29.135689     2.9702     2.9711     0.9703     41.153       7332          3  0.000e+00
          3     40.771     1.0527     2.5263     2.6082      0.132  29.138193  29.135458     2.9702     2.9714     0.9703     41.153       7333          3  0.000e+00
          3     40.827     1.0649     2.5263     2.6082      0.146  29.138194  29.135573     2.9702     2.9711     0.9703     41.209       7334          3  0.000e+00
          3     40.771     1.0649     2.5263     2.6094      0.153  29.138193  29.135689     2.9703     2.9714     0.9642     41.153       7335          3  0.000e+00
          3     40.827     1.0649     2.5263     2.6094      0.166  29.138194  29.135862     2.9702     2.9714     0.9703     41.209       7336          3  0.000e+00
          3     40.864     1.0649     2.5263     2.6082      0.178  29.137978  29.135862     2.9705     2.9715     0.9703     41.246       7337          3  0.000e+00
          3     40.821     1.0649     2.5263     2.6094      0.186  29.137924  29.136323     2.9713     2.9717     0.9703     41.203       7338          3  0.000e+00
          3     40.870     1.0649     2.5263     2.6082      0.196  29.138140  29.136497     2.9716     2.9715     0.9703     41.253       7339          3  0.000e+00
          3     40.907     1.0649     2.5263     2.6094      0.208  29.138410  29.136900     2.9718     2.9719     0.9703     41.290       7340          3  0.000e+00
          3     40.870     1.0649     2.5263     2.6082      0.216  29.138464  29.136843     2.9715     2.9723     0.9947     41.253       7341          3  0.000e+00
          3     40.907     1.1015     2.5263     2.6082      0.226  29.139112  29.136554     2.9713     2.9724     1.0130     41.290       7342          3  0.000e+00
          3     40.956     1.0649     2.5263     2.6082      0.235  29.139274  29.136093     2.9711     2.9723     1.0130     41.340       7343          3  0.000e+00
          3     40.913     1.0649     2.5263     2.6082      0.243  29.139274  29.136497     2.9711     2.9725     1.0130     41.296       7344          3  0.000e+00
          4     30.251     1.0649     2.5325     2.6155      0.324  29.139567  29.138658     2.9791     2.9783     0.7627     30.534       8765          4  0.000e+00
          4     30.208     1.0649     2.5325     2.6155      0.322  29.139513  29.138485     2.9790     2.9782     0.7627     30.490       8766          4  0.000e+00
          4     30.251     1.0649     2.5325     2.6143      0.321  29.139513  29.138428     2.9786     2.9778     0.7627     30.534       8767          4  0.000e+00
          4     30.251     1.0649     2.5325     2.6143      0.321  29.139729  29.137966     2.9783     2.9783     0.7627     30.534       8768          4  0.000e+00
          4     30.251     1.0649     2.5325     2.6155      0.320  29.139783  29.137620     2.9781     2.9781     0.7566     30.534       8769          4  0.000e+00
          4     30.301     1.0649     2.5325     2.6155      0.320  29.139567  29.137562     2.9780     2.9780     0.7627     30.584       8770          4  0.000e+00
          4     30.301     1.0771     2.5325     2.6167      0.321  29.139513  29.137274     2.9778     2.9783     0.7688     30.584       8771          4  0.000e+00
          4     30.301     1.1015     2.5312     2.6155      0.321  29.139513  29.137678     2.9778     2.9781     0.7750     30.584       8772          4  0.000e+00
          4     30.344     1.1015     2.5325     2.6155      0.321  29.139729  29.137447     2.9780     2.9783     0.7750     30.627       8773          4  0.000e+00
          4     30.301     1.0893     2.5325     2.6155      0.320  29.139783  29.137505     2.9778     2.9781     0.7750     30.584       8774          4  0.000e+00
          4     30.344     1.0893     2.5312     2.6155      0.318  29.139783  29.137736     2.9779     2.9783     0.7750     30.627       8775          4  0.000e+00
          4     30.344     1.1015     2.5312     2.6155      0.316  29.139567  29.137447     2.9778     2.9780     0.7750     30.627       8776          4  0.000e+00
          4     30.387     1.0771     2.5312     2.6155      0.319  29.139514  29.137678     2.9778     2.9779     0.7750     30.670       8777          4  0.000e+00
          4     30.387     1.1015     2.5312     2.6155      0.317  29.139730  29.137563     2.9778     2.9782     0.7750     30.670       8778          4  0.000e+00
          4     30.387     1.1015     2.5312     2.6155      0.316  29.139406  29.137505     2.9778     2.9779     0.7750     30.670       8779          4  0.000e+00
          4     30.387     1.1015     2.5312     2.6155      0.317  29.139622  29.137563     2.9775     2.9778     0.7750     30.670       8780          4  0.000e+00
          4     30.387     1.1015     2.5312     2.6155      0.313  29.139190  29.137563     2.9778     2.9779     0.7750     30.670       8781          4  0.000e+00
          4     30.436     1.1015     2.5312     2.6155      0.313  29.139190  29.137736     2.9778     2.9778     0.7750     30.720       8782          4  0.000e+00
          4     30.344     1.0893     2.5312     2.6155      0.307  29.139244  29.137851     2.9780     2.9776     0.7750     30.627       8783          4  0.000e+00
          4     30.479     1.0893     2.5312     2.6155      0.307  29.139244  29.137621     2.9778     2.9776     0.7750     30.764       8784          4  0.000e+00
          4     30.479     1.1015     2.5312     2.6155      0.308  29.139028  29.137736     2.9778     2.9775     0.7750     30.764       8785          4  0.000e+00
          4     30.436     1.0893     2.5312     2.6143      0.305  29.139190  29.137620     2.9780     2.9774     0.7750     30.720       8786          4  0.000e+00
          4     30.436     1.0893     2.5312     2.6155      0.300  29.139244  29.137736     2.9778     2.9775     0.7750     30.720       8787          4  0.000e+00
          4     30.479     1.1015     2.5312     2.6155      0.299  29.139082  29.137621     2.9776     2.9776     0.7750     30.764       8788          4  0.000e+00
          4     30.479     1.1015     2.5325     2.6155      0.298  29.139190  29.137736     2.9775     2.9774     0.7750     30.764       8789          4  0.000e+00
          4     30.436     1.0893     2.5312     2.6167      0.292  29.139244  29.137620     2.9777     2.9775     0.7750     30.720       8790          4  0.000e+00
          4     30.522     1.1015     2.5312     2.6155      0.292  29.139028  29.137390     2.9777     2.9774     0.7750     30.807       8791          4  0.000e+00
          4     30.479     1.1015     2.5312     2.6143      0.286  29.138974  29.137332     2.9774     2.9770     0.7750     30.764       8792          4  0.000e+00
          4     30.479     1.1015     2.5312     2.6143      0.281  29.138974  29.137217     2.9775     2.9770     0.7750     30.764       8793          4  0.000e+00
          4     30.479     1.1015     2.5312     2.6143      0.278  29.139136  29.137447     2.9775     2.9772     0.7750     30.764       8794          4  0.000e+00
          4     30.522     1.0893     2.5300     2.6143      0.273  29.139244  29.137390     2.9775     2.9775     0.7750     30.807       8795          4  0.000e+00
          4     30.522     1.0893     2.5300     2.6143      0.269  29.139028  29.137505     2.9774     2.9772     0.7872     30.807       8796          4  0.000e+00
          4     30.479     1.1015     2.5312     2.6143      0.264  29.139406  29.137390     2.9775     2.9774     0.7933     30.764       8797          4  0.000e+00
          4     30.522     1.1015     2.5312     2.6143      0.258  29.139082  29.137332     2.9775     2.9770     0.7933     30.807       8798          4  0.000e+00
          4     30.522     1.1015     2.5312     2.6143      0.254  29.138974  29.137332     2.9774     2.9774     0.7933     30.807       8799          4  0.000e+00
          4     30.522     1.0893     2.5312     2.6143      0.248  29.139190  29.137217     2.9775     2.9771     0.7933     30.807       8800          4  0.000e+00
          4     30.522     1.1015     2.5312     2.6143      0.244  29.139244  29.137275     2.9772     2.9774     0.7933     30.807       8801          4  0.000e+00
          4     30.479     1.1015     2.5312     2.6143      0.233  29.139244  29.137332     2.9775     2.9774     0.7933     30.764       8802          4  0.000e+00
          4     30.522     1.1015     2.5312     2.6143      0.227  29.139082  29.137101     2.9774     2.9771     0.7933     30.807       8803          4  0.000e+00
          4     30.522     1.1015     2.5300     2.6143      0.222  29.138758  29.137621     2.9774     2.9772     0.7933     30.807       8804          4  0.000e+00
          4     30.522     1.1015     2.5300     2.6143      0.213  29.138704  29.137621     2.9775     2.9776     0.7933     30.807       8805          4  0.000e+00
          4     30.479     1.1015     2.5300     2.6143      0.204  29.138920  29.137563     2.9775     2.9771     0.7933     30.764       8806          4  0.000e+00
          4     30.522     1.1015     2.5300     2.6143      0.196  29.138758  29.137159     2.9770     2.9772     0.7933     30.807       8807          4  0.000e+00
          4     30.522     1.1015     2.5300     2.6143      0.190  29.138920  29.137159     2.9762     2.9765     0.7933     30.807       8808          4  0.000e+00
          4     30.479     1.1015     2.5300     2.6143      0.181  29.138758  29.136871     2.9765     2.9767     0.7933     30.764       8809          4  0.000e+00
