staticdata/example_data/profile_data/ctd001.cnv
* Sea-Bird SBE 9 Data File:
* FileName = C:\Sea-Bird Data\2018\DY-18-05\CTD\CTD001.hex
* Software Version Seasave V 7.23.2
* Temperature SN = 4379
* Conductivity SN = 042985
* Number of Bytes Per Scan = 37
* Number of Voltage Words = 4
* Number of Scans Averaged by the Deck Unit = 1
* NMEA Latitude = 56 52.31 N
* NMEA Longitude = 164 03.02 W
* NMEA UTC (Time) = Apr 30 2018  19:11:51
* NMEA baud rate = 4800
# nquan = 23
# nvalues = 67                          
# units = specified
# name 0 = c0mS/cm: Conductivity [mS/cm]
# name 1 = c1mS/cm: Conductivity, 2 [mS/cm]
# name 2 = flECO-AFL: Fluorescence, WET Labs ECO-AFL/FL [mg/m^3]
# name 3 = sbeox0V: Oxygen raw, SBE 43 [V]
# name 4 = t090C: Temperature [ITS-90, deg C]
# name 5 = t190C: Temperature, 2 [ITS-90, deg C]
# name 6 = timeS: Time, Elapsed [seconds]
# name 7 = prDM: Pressure, Digiquartz [db]
# name 8 = sbeox1V: Oxygen raw, SBE 43, 2 [V]
# name 9 = par: PAR/Irradiance, Biospherical/Licor
# name 10 = turbWETntu0: Turbidity, WET Labs ECO [NTU]
# name 11 = sal00: Salinity, Practical [PSU]
# name 12 = sal11: Salinity, Practical, 2 [PSU]
# name 13 = sigma-t00: Density [sigma-t, kg/m^3 ]
# name 14 = sigma-t11: Density, 2 [sigma-t, kg/m^3 ]
# name 15 = sbeox0ML/L: Oxygen, SBE 43 [ml/l], WS = 2
# name 16 = sbox0Mm/Kg: Oxygen, SBE 43 [umol/kg], WS = 2
# name 17 = sbeox0PS: Oxygen, SBE 43 [% saturation], WS = 2
# name 18 = sbeox1ML/L: Oxygen, SBE 43, 2 [ml/l], WS = 2
# name 19 = sbox1Mm/Kg: Oxygen, SBE 43, 2 [umol/kg], WS = 2
# name 20 = sbeox1PS: Oxygen, SBE 43, 2 [% saturation], WS = 2
# name 21 = nbin: number of scans per bin
# name 22 = flag: flag
# span 0 =  29.753597,  29.783384       
# span 1 =  29.756555,  29.785494       
# span 2 =     0.4821,     0.8836       
# span 3 =     2.3835,     2.5467       
# span 4 =     3.6057,     3.6213       
# span 5 =     3.6059,     3.6215       
# span 6 =    112.124,    543.732       
# span 7 =      1.000,     67.000       
# span 8 =     2.5825,     2.6100       
# span 9 = 2.0983e-01, 3.0401e+02       
# span 10 =     0.6036,     1.6697      
# span 11 =    32.0652,    32.0664      
# span 12 =    32.0679,    32.0688      
# span 13 =    25.4886,    25.4904      
# span 14 =    25.4902,    25.4923      
# span 15 =     6.8780,     7.5336      
# span 16 =    299.536,    328.086      
# span 17 =     92.190,    100.977      
# span 18 =     7.2834,     7.3321      
# span 19 =    317.191,    319.312      
# span 20 =     97.628,     98.302      
# span 21 =         14,         95      
# span 22 = 0.0000e+00, 0.0000e+00      
# interval = decibars: 1                
# start_time = Apr 30 2018 19:11:51 [NMEA time, header]
# bad_flag = -9.990e-29
*END*
  29.753597  29.757207     0.4821     2.5202     3.6086     3.6106    112.124      1.000     2.5944 3.0401e+02     0.6675    32.0656    32.0680    25.4895    25.4912     7.3258    319.039     98.191     7.2834    317.191     97.628         15 0.0000e+00
  29.755165  29.756555     0.5064     2.5197     3.6097     3.6089    113.162      2.000     2.5965 2.3114e+02     0.6915    32.0659    32.0683    25.4896    25.4916     7.3273    319.103     98.213     7.2978    317.820     97.818         23 0.0000e+00
  29.757821  29.759602     0.4824     2.5203     3.6125     3.6125    116.405      3.000     2.5987 1.7283e+02     0.6696    32.0658    32.0679    25.4893    25.4910     7.3337    319.381     98.305     7.3013    317.971     97.873         35 0.0000e+00
  29.765491  29.766984     0.5234     2.5208     3.6211     3.6207    149.648      4.000     2.6022 1.3668e+02     0.6786    32.0659    32.0681    25.4886    25.4904     7.3304    319.238     98.282     7.3011    317.964     97.891         37 0.0000e+00
  29.764901  29.766794     0.5624     2.5207     3.6198     3.6198    167.871      5.000     2.6045 1.1294e+02     0.6606    32.0659    32.0682    25.4887    25.4905     7.3354    319.457     98.346     7.3068    318.212     97.965         36 0.0000e+00
  29.764259  29.766493     0.6474     2.5206     3.6184     3.6187    249.041      6.000     2.6085 9.1512e+01     0.6480    32.0660    32.0684    25.4889    25.4908     7.3348    319.428     98.335     7.3256    319.029     98.214         17 0.0000e+00
  29.764884  29.767076     0.6896     2.5221     3.6188     3.6191    256.170      7.000     2.6097 7.4575e+01     0.6489    32.0659    32.0682    25.4887    25.4906     7.3430    319.787     98.446     7.3321    319.312     98.302         50 0.0000e+00
  29.767513  29.769555     0.7835     2.5216     3.6213     3.6215    263.447      8.000     2.6100 5.8990e+01     0.6664    32.0660    32.0682    25.4886    25.4904     7.3302    319.228     98.280     7.3239    318.954     98.198         23 0.0000e+00
  29.767346  29.768902     0.7774     2.5212     3.6205     3.6201    264.190      9.000     2.6089 5.0120e+01     0.7025    32.0661    32.0683    25.4888    25.4906     7.3316    319.290     98.297     7.3172    318.663     98.105         20 0.0000e+00
  29.767864  29.770172     0.7418     2.5208     3.6208     3.6215    265.422     10.000     2.6072 4.2445e+01     0.6532    32.0659    32.0680    25.4886    25.4902     7.3351    319.442     98.344     7.3176    318.681     98.113         40 0.0000e+00
  29.764770  29.766133     0.7676     2.5201     3.6165     3.6159    269.570     11.000     2.6068 3.4713e+01     0.6464    32.0659    32.0681    25.4890    25.4908     7.3323    319.322     98.297     7.3214    318.845     98.150         95 0.0000e+00
  29.758816  29.761263     0.8185     2.5177     3.6090     3.6096    274.509     12.000     2.6026 2.8867e+01     0.6214    32.0657    32.0680    25.4895    25.4913     7.3298    319.211     98.245     7.2870    317.350     97.675         33 0.0000e+00
  29.760256  29.763447     0.8460     2.5178     3.6100     3.6115    275.532     13.000     2.6009 2.4635e+01     0.6424    32.0659    32.0683    25.4896    25.4913     7.3260    319.047     98.197     7.3084    318.281     97.966         28 0.0000e+00
  29.760815  29.763042     0.8406     2.5179     3.6104     3.6107    277.166     14.000     2.6019 2.1935e+01     0.6736    32.0657    32.0680    25.4894    25.4912     7.3366    319.510     98.340     7.3142    318.534     98.042         54 0.0000e+00
  29.761338  29.764061     0.8757     2.5185     3.6104     3.6115    279.343     15.000     2.6011 1.9263e+01     0.6440    32.0658    32.0679    25.4895    25.4910     7.3251    319.009     98.186     7.2981    317.833     97.828         42 0.0000e+00
  29.762801  29.765416     0.8146     2.5159     3.6114     3.6123    284.622     16.000     2.6020 1.6057e+01     0.6711    32.0660    32.0683    25.4896    25.4913     7.3242    318.969     98.176     7.3109    318.389     98.001         23 0.0000e+00
  29.764588  29.765992     0.7970     2.5149     3.6128     3.6123    287.249     17.000     2.6044 1.4694e+01     0.6712    32.0663    32.0685    25.4896    25.4914     7.3254    319.022     98.196     7.3234    318.931     98.169         14 0.0000e+00
  29.765334  29.767330     0.8184     2.5166     3.6131     3.6132    287.790     18.000     2.6044 1.2329e+01     0.6573    32.0663    32.0686    25.4896    25.4915     7.3287    319.167     98.241     7.3238    318.953     98.177         14 0.0000e+00
  29.765496  29.767778     0.8546     2.5148     3.6129     3.6131    288.393     19.000     2.6044 1.0110e+01     0.6304    32.0662    32.0687    25.4896    25.4915     7.3159    318.606     98.068     7.3223    318.884     98.156         16 0.0000e+00
  29.767760  29.769867     0.8242     2.5109     3.6154     3.6156    295.746     20.000     2.6024 8.1921e+00     0.6197    32.0659    32.0682    25.4891    25.4909     7.3029    318.042     97.900     7.3118    318.427     98.021         58 0.0000e+00
  29.768483  29.770394     0.8036     2.5087     3.6157     3.6158    299.830     21.000     2.6011 7.4623e+00     0.6210    32.0659    32.0681    25.4891    25.4908     7.3023    318.013     97.892     7.3175    318.678     98.099         67 0.0000e+00
  29.769526  29.771186     0.8143     2.5077     3.6167     3.6163    305.292     22.000     2.6017 5.9864e+00     0.6645    32.0657    32.0681    25.4888    25.4907     7.2966    317.766     97.818     7.3161    318.615     98.081         53 0.0000e+00
  29.770918  29.772158     0.8366     2.5067     3.6177     3.6167    307.969     23.000     2.6015 5.3574e+00     0.6465    32.0659    32.0683    25.4889    25.4909     7.2950    317.696     97.799     7.3221    318.875     98.162         44 0.0000e+00
  29.766319  29.767120     0.8276     2.5068     3.6115     3.6101    309.618     24.000     2.6020 5.0172e+00     0.6260    32.0660    32.0683    25.4895    25.4915     7.2982    317.836     97.828     7.3221    318.875     98.146         36 0.0000e+00
  29.765597  29.766457     0.8437     2.5061     3.6101     3.6089    312.642     25.000     2.6009 4.2964e+00     0.6235    32.0660    32.0682    25.4896    25.4916     7.2955    317.717     97.788     7.3133    318.492     98.025         45 0.0000e+00
  29.765099  29.767371     0.8807     2.5059     3.6090     3.6095    317.511     26.000     2.5995 3.6543e+00     0.6431    32.0660    32.0681    25.4897    25.4914     7.2990    317.871     97.833     7.3156    318.593     98.058         33 0.0000e+00
  29.766111  29.768719     0.8316     2.5054     3.6097     3.6106    320.028     27.000     2.5984 3.2151e+00     0.6653    32.0659    32.0681    25.4896    25.4913     7.2946    317.678     97.775     7.3091    318.308     97.973         67 0.0000e+00
  29.771947  29.773776     0.8520     2.5043     3.6163     3.6161    323.020     28.000     2.5976 2.8589e+00     0.6036    32.0659    32.0682    25.4890    25.4909     7.2927    317.595     97.765     7.3155    318.590     98.072         45 0.0000e+00
  29.768302  29.770205     0.8689     2.5041     3.6113     3.6112    326.649     29.000     2.5992 2.3465e+00     0.6220    32.0660    32.0683    25.4895    25.4914     7.2947    317.683     97.780     7.3174    318.670     98.085         45 0.0000e+00
  29.766558  29.768392     0.8359     2.5032     3.6085     3.6083    330.398     30.000     2.5992 2.0350e+00     0.6264    32.0661    32.0685    25.4899    25.4918     7.2928    317.601     97.748     7.3132    318.490     98.023         24 0.0000e+00
  29.767634  29.769210     0.8217     2.5032     3.6094     3.6089    331.496     31.000     2.5987 1.8239e+00     0.6490    32.0660    32.0684    25.4897    25.4917     7.2950    317.696     97.780     7.3167    318.641     98.071         31 0.0000e+00
  29.766485  29.768318     0.8459     2.5040     3.6075     3.6075    334.214     32.000     2.5978 1.5984e+00     0.6176    32.0660    32.0682    25.4899    25.4917     7.2995    317.893     97.836     7.3076    318.244     97.945         65 0.0000e+00
  29.765730  29.767946     0.8278     2.5024     3.6057     3.6059    340.996     33.000     2.5954 1.3924e+00     0.7074    32.0663    32.0688    25.4903    25.4923     7.2948    317.690     97.769     7.3023    318.015     97.872         16 0.0000e+00
  29.766243  29.768383     0.7845     2.5026     3.6057     3.6059    341.452     34.000     2.5952 1.2341e+00     0.8042    32.0664    32.0688    25.4904    25.4923     7.3019    317.995     97.863     7.3051    318.136     97.909         15 0.0000e+00
  29.766793  29.768857     0.7734     2.5035     3.6058     3.6059    342.102     35.000     2.5948 1.0690e+00     0.7930    32.0664    32.0688    25.4904    25.4923     7.3034    318.064     97.885     7.3055    318.151     97.913         16 0.0000e+00
  29.767265  29.769412     0.7713     2.5026     3.6062     3.6065    345.849     36.000     2.5952 9.0224e-01     0.7638    32.0661    32.0684    25.4901    25.4919     7.2973    317.799     97.804     7.3101    318.352     97.977         43 0.0000e+00
  29.767764  29.769863     0.8562     2.5023     3.6065     3.6067    351.161     37.000     2.5952 8.0050e-01     0.7136    32.0659    32.0682    25.4900    25.4918     7.2991    317.875     97.828     7.3060    318.177     97.923         36 0.0000e+00
  29.768165  29.770389     0.8219     2.5018     3.6064     3.6068    353.982     38.000     2.5947 7.0194e-01     0.6914    32.0660    32.0683    25.4900    25.4918     7.2943    317.664     97.763     7.3107    318.380     97.986         66 0.0000e+00
  29.769510  29.771625     0.7878     2.5019     3.6075     3.6078    358.261     39.000     2.5947 6.2206e-01     0.6979    32.0660    32.0682    25.4899    25.4916     7.2946    317.677     97.769     7.3106    318.375     97.987         35 0.0000e+00
  29.770096  29.772267     0.8095     2.5016     3.6077     3.6079    361.069     40.000     2.5937 5.2485e-01     0.6668    32.0660    32.0683    25.4899    25.4917     7.2959    317.738     97.788     7.3094    318.323     97.971         54 0.0000e+00
  29.770375  29.772424     0.7917     2.5016     3.6075     3.6079    364.594     41.000     2.5945 4.7711e-01     0.6653    32.0659    32.0680    25.4898    25.4914     7.2932    317.620     97.752     7.3118    318.429     98.003         42 0.0000e+00
  29.771157  29.773455     0.8489     2.5004     3.6079     3.6085    366.369     42.000     2.5924 4.3187e-01     0.7119    32.0660    32.0681    25.4899    25.4915     7.2843    317.233     97.633     7.2945    317.676     97.773         39 0.0000e+00
  29.771926  29.774091     0.8524     2.4981     3.6083     3.6086    368.769     43.000     2.5921 3.7481e-01     0.6851    32.0660    32.0682    25.4898    25.4916     7.2930    317.609     97.750     7.3080    318.264     97.954         42 0.0000e+00
  29.772391  29.774426     0.8650     2.4288     3.6080     3.6081    373.817     44.000     2.5955 3.5660e-01     0.7789    32.0663    32.0686    25.4901    25.4919     7.0113    305.340     93.974     7.3141    318.529     98.035         17 0.0000e+00
  29.772900  29.775238     0.8074     2.4303     3.6082     3.6087    374.715     45.000     2.5950 3.1786e-01     0.6886    32.0662    32.0685    25.4900    25.4918     7.0596    307.444     94.622     7.3135    318.499     98.027         25 0.0000e+00
  29.773738  29.775971     0.7981     2.4252     3.6090     3.6094    379.755     46.000     2.5943 2.8809e-01     0.6580    32.0659    32.0681    25.4897    25.4914     7.0179    305.628     94.064     7.3154    318.583     98.054         43 0.0000e+00
  29.774410  29.776485     0.8320     2.4314     3.6092     3.6095    383.579     47.000     2.5929 2.6552e-01     0.6924    32.0659    32.0682    25.4897    25.4914     7.0352    306.381     94.297     7.3050    318.131     97.915         36 0.0000e+00
  29.774922  29.776977     0.8213     2.3835     3.6093     3.6095    387.421     48.000     2.5929 2.4395e-01     0.7017    32.0660    32.0682    25.4897    25.4915     6.8780    299.536     92.190     7.3132    318.488     98.025         33 0.0000e+00
  29.775247  29.777410     0.8420     2.4097     3.6089     3.6092    389.814     49.000     2.5935 2.3467e-01     0.7155    32.0662    32.0685    25.4899    25.4918     6.9650    303.327     93.356     7.3140    318.523     98.035         18 0.0000e+00
  29.774767  29.776868     0.8415     2.4100     3.6079     3.6081    390.688     50.000     2.5928 2.1472e-01     0.6891    32.0661    32.0684    25.4900    25.4918     6.9736    303.702     93.469     7.3086    318.290     97.961         30 0.0000e+00
  29.774817  29.777169     0.8171     2.4180     3.6076     3.6080    397.841     51.000     2.5899 2.0984e-01     0.7141    32.0660    32.0684    25.4899    25.4918     6.9768    303.839     93.510     7.3037    318.076     97.895         30 0.0000e+00
  29.774598  29.777128     0.7734     2.4098     3.6076     3.6076    399.400     52.000     2.5888 2.0988e-01     0.7516    32.0652    32.0682    25.4892    25.4916     6.9651    303.329     93.353     7.2942    317.659     97.766         33 0.0000e+00
  29.775468  29.777527     0.7559     2.3948     3.6072     3.6076    404.646     53.000     2.5885 2.0989e-01     0.7734    32.0661    32.0682    25.4900    25.4916     6.9033    300.639     92.525     7.3023    318.012     97.874         44 0.0000e+00
  29.775925  29.778017     0.7678     2.4050     3.6073     3.6075    409.366     54.000     2.5895 2.0985e-01     0.8137    32.0660    32.0683    25.4899    25.4917     6.9533    302.816     93.195     7.3060    318.177     97.925         31 0.0000e+00
  29.776303  29.778449     0.8371     2.4221     3.6073     3.6075    410.718     55.000     2.5892 2.0984e-01     0.8034    32.0659    32.0683    25.4899    25.4917     7.0095    305.262     93.948     7.3050    318.130     97.911         33 0.0000e+00
  29.777019  29.779078     0.7860     2.4081     3.6076     3.6078    414.122     56.000     2.5889 2.0985e-01     0.8060    32.0660    32.0683    25.4899    25.4917     6.9877    304.315     93.657     7.3062    318.182     97.927         39 0.0000e+00
  29.777982  29.780084     0.7738     2.4091     3.6080     3.6082    419.893     57.000     2.5877 2.0983e-01     0.9438    32.0662    32.0686    25.4900    25.4919     7.0695    307.875     94.754     7.2910    317.522     97.725         19 0.0000e+00
  29.778345  29.780541     0.7898     2.4416     3.6082     3.6084    421.119     58.000     2.5872 2.0984e-01     1.2069    32.0660    32.0684    25.4899    25.4917     7.1248    310.285     95.496     7.3026    318.028     97.881         33 0.0000e+00
  29.779069  29.781125     0.7889     2.4841     3.6085     3.6087    429.743     59.000     2.5879 2.0985e-01     1.1275    32.0660    32.0683    25.4898    25.4916     7.2560    315.998     97.255     7.3014    317.976     97.866         26 0.0000e+00
  29.779754  29.781887     0.7950     2.4735     3.6089     3.6091    430.899     60.000     2.5875 2.0983e-01     1.2585    32.0659    32.0682    25.4897    25.4915     7.2160    314.257     96.720     7.3024    318.020     97.880         27 0.0000e+00
  29.780181  29.782393     0.7751     2.4640     3.6090     3.6093    482.597     61.000     2.5866 2.0992e-01     1.1315    32.0659    32.0682    25.4897    25.4915     7.1583    311.741     95.946     7.2982    317.836     97.824         60 0.0000e+00
  29.780679  29.782872     0.8070     2.5174     3.6090     3.6093    503.528     62.000     2.5849 2.0993e-01     1.0390    32.0659    32.0682    25.4897    25.4915     7.3606    320.552     98.658     7.2968    317.775     97.805         51 0.0000e+00
