staticdata/example_data/profile_data/ctd002.ros
* Sea-Bird SBE 9 Data File:
* FileName = C:\Sea-Bird Data\2018\DY-18-05\CTD\CTD002.hex
* Software Version Seasave V 7.23.2
* Temperature SN = 4379
* Conductivity SN = 042985
* Number of Bytes Per Scan = 37
* Number of Voltage Words = 4
* Number of Scans Averaged by the Deck Unit = 1
* NMEA Latitude = 56 56.64 N
* NMEA Longitude = 163 49.70 W
* NMEA UTC (Time) = May 01 2018  03:54:36
* NMEA baud rate = 4800
# nquan = 15
# nvalues = 343                                   
# units = specified
# name 0 = bpos: Bottle Position in Carousel
# name 1 = depSM: Depth [salt water, m]
# name 2 = flECO-AFL: Fluorescence, WET Labs ECO-AFL/FL [mg/m^3]
# name 3 = sbeox0V: Oxygen raw, SBE 43 [V]
# name 4 = sbeox1V: Oxygen raw, SBE 43, 2 [V]
# name 5 = dz/dtM: Descent Rate [m/s]
# name 6 = c1mS/cm: Conductivity, 2 [mS/cm]
# name 7 = c0mS/cm: Conductivity [mS/cm]
# name 8 = t090C: Temperature [ITS-90, deg C]
# name 9 = t190C: Temperature, 2 [ITS-90, deg C]
# name 10 = turbWETntu0: Turbidity, WET Labs ECO [NTU]
# name 11 = prDM: Pressure, Digiquartz [db]
# name 12 = scan: Scan Count
# name 13 = nbf: Bottles Fired
# name 14 = flag:  0.000e+00
# interval = seconds: 0.0416667
# start_time = May 01 2018 03:54:36 [NMEA time, header]
# bad_flag = -9.990e-29
*END*
[from data line 193]
          4     30.522     1.1015     2.5300     2.6143      0.162  29.138704  29.137159     2.9767     2.9771     0.7933     30.807       8811          4  0.000e+00
          4     30.479     1.1015     2.5300     2.6143      0.153  29.138920  29.137332     2.9770     2.9777     0.7933     30.764       8812          4  0.000e+00
          4     30.479     1.1015     2.5300     2.6143      0.141  29.139190  29.136871     2.9770     2.9778     0.7933     30.764       8813          4  0.000e+00
          5     19.285     1.3213     2.5508     2.6338     -0.311  29.239057  29.239702     3.1094     3.1066     0.6040     19.465       9828          5  0.000e+00
          5     19.236     1.3213     2.5508     2.6338     -0.308  29.238948  29.239297     3.1097     3.1060     0.6040     19.415       9829          5  0.000e+00
          5     19.236     1.3213     2.5508     2.6338     -0.307  29.238840  29.239066     3.1089     3.1055     0.6040     19.415       9830          5  0.000e+00
          5     19.236     1.3213     2.5508     2.6338     -0.302  29.238029  29.238719     3.1086     3.1044     0.6040     19.415       9831          5  0.000e+00
          5     19.236     1.3213     2.5508     2.6338     -0.298  29.237327  29.238777     3.1088     3.1036     0.6040     19.415       9832          5  0.000e+00
          5     19.236     1.3213     2.5508     2.6338     -0.293  29.236948  29.238662     3.1083     3.1033     0.6040     19.415       9833          5  0.000e+00
          5     19.236     1.3213     2.5508     2.6338     -0.289  29.236678  29.237969     3.1078     3.1033     0.6040     19.415       9834          5  0.000e+00
          5     19.236     1.3091     2.5508     2.6338     -0.281  29.236624  29.237795     3.1070     3.1033     0.6040     19.415       9835          5  0.000e+00
          5     19.236     1.3213     2.5508     2.6338     -0.275  29.236408  29.237275     3.1064     3.1025     0.6040     19.415       9836          5  0.000e+00
          5     19.285     1.3213     2.5508     2.6350     -0.265  29.236137  29.236582     3.1059     3.1022     0.6040     19.465       9837          5  0.000e+00
          5     19.236     1.3213     2.5508     2.6338     -0.256  29.235597  29.236178     3.1048     3.1019     0.6040     19.415       9838          5  0.000e+00
          5     19.236     1.3213     2.5508     2.6350     -0.249  29.235326  29.235485     3.1040     3.1014     0.6040     19.415       9839          5  0.000e+00
          5     19.285     1.3213     2.5520     2.6350     -0.237  29.235002  29.234676     3.1034     3.1010     0.6040     19.465       9840          5  0.000e+00
          5     19.236     1.3213     2.5520     2.6350     -0.228  29.234515  29.234676     3.1029     3.1011     0.6040     19.415       9841          5  0.000e+00
          5     19.285     1.3213     2.5508     2.6338     -0.215  29.234786  29.234561     3.1029     3.1011     0.6040     19.465       9842          5  0.000e+00
          5     19.285     1.4556     2.5496     2.6338     -0.203  29.234786  29.234388     3.1024     3.1014     0.6040     19.465       9843          5  0.000e+00
          5     19.285     1.5655     2.5496     2.6338     -0.191  29.234894  29.233810     3.1021     3.1016     0.5979     19.465       9844          5  0.000e+00
          5     19.285     1.5777     2.5496     2.6338     -0.178  29.234515  29.233637     3.1016     3.1008     0.5979     19.465       9845          5  0.000e+00
          5     19.328     1.5899     2.5508     2.6338     -0.164  29.234407  29.233810     3.1018     3.1007     0.5979     19.508       9846          5  0.000e+00
          5     19.285     1.5777     2.5496     2.6350     -0.152  29.234461  29.233695     3.1022     3.1005     0.5979     19.465       9847          5  0.000e+00
          5     19.328     1.5655     2.5508     2.6350     -0.137  29.234624  29.233810     3.1021     3.1007     0.5979     19.508       9848          5  0.000e+00
          5     19.328     1.5777     2.5508     2.6338     -0.123  29.234462  29.233926     3.1020     3.1002     0.5979     19.508       9849          5  0.000e+00
          5     19.328     1.5655     2.5508     2.6350     -0.109  29.233975  29.233695     3.1016     3.1005     0.5979     19.508       9850          5  0.000e+00
          5     19.285     1.5777     2.5508     2.6350     -0.097  29.234353  29.233348     3.1016     3.1005     0.5979     19.465       9851          5  0.000e+00
          5     19.421     1.5777     2.5508     2.6338     -0.079  29.234840  29.233348     3.1018     3.1008     0.5979     19.601       9852          5  0.000e+00
          5     19.384     1.5899     2.5508     2.6350     -0.064  29.234948  29.233579     3.1023     3.1007     0.5979     19.564       9853          5  0.000e+00
          5     19.371     1.5777     2.5508     2.6350     -0.051  29.234137  29.233637     3.1016     3.1000     0.5979     19.552       9854          5  0.000e+00
          5     19.371     1.5777     2.5508     2.6350     -0.036  29.233921  29.232424     3.1004     3.1000     0.5979     19.552       9855          5  0.000e+00
          5     19.421     1.5655     2.5520     2.6350     -0.020  29.234083  29.231327     3.0992     3.1000     0.5979     19.602       9856          5  0.000e+00
          5     19.421     1.5655     2.5508     2.6363     -0.006  29.234300  29.230749     3.0984     3.1000     0.5979     19.602       9857          5  0.000e+00
          5     19.421     1.5655     2.5508     2.6363      0.010  29.234192  29.230749     3.0981     3.1002     0.5979     19.602       9858          5  0.000e+00
          5     19.464     1.5655     2.5508     2.6363      0.026  29.233975  29.231500     3.0989     3.1005     0.5979     19.645       9859          5  0.000e+00
          5     19.464     1.5777     2.5508     2.6350      0.039  29.234462  29.232771     3.1010     3.1008     0.5979     19.645       9860          5  0.000e+00
          5     19.464     1.5655     2.5520     2.6350      0.055  29.235057  29.234157     3.1026     3.1011     0.5979     19.645       9861          5  0.000e+00
          5     19.464     1.5777     2.5520     2.6363      0.067  29.235219  29.234677     3.1035     3.1014     0.5979     19.645       9862          5  0.000e+00
          5     19.507     1.5777     2.5508     2.6350      0.082  29.234895  29.234735     3.1037     3.1013     0.5979     19.688       9863          5  0.000e+00
          5     19.464     1.5899     2.5508     2.6363      0.094  29.235111  29.234735     3.1032     3.1019     0.5979     19.645       9864          5  0.000e+00
          5     19.556     1.5777     2.5508     2.6363      0.109  29.235597  29.234562     3.1029     3.1017     0.5979     19.738       9865          5  0.000e+00
          5     19.556     1.5777     2.5508     2.6363      0.123  29.235003  29.234619     3.1029     3.1013     0.5979     19.738       9866          5  0.000e+00
          5     19.556     1.5655     2.5508     2.6363      0.137  29.234678  29.234100     3.1024     3.1010     0.5979     19.738       9867          5  0.000e+00
          5     19.556     1.5166     2.5508     2.6363      0.150  29.234462  29.234100     3.1020     3.1008     0.5918     19.738       9868          5  0.000e+00
          5     19.599     1.3579     2.5520     2.6363      0.162  29.234570  29.233753     3.1021     3.1007     0.5735     19.782       9869          5  0.000e+00
          5     19.599     1.3091     2.5508     2.6363      0.174  29.234516  29.233638     3.1020     3.1000     0.5674     19.782       9870          5  0.000e+00
          5     19.599     1.3091     2.5520     2.6363      0.184  29.233381  29.233638     3.1015     3.0980     0.5674     19.782       9871          5  0.000e+00
          5     19.642     1.3213     2.5508     2.6363      0.197  29.231814  29.232425     3.0997     3.0967     0.5674     19.825       9872          5  0.000e+00
          5     19.642     1.3213     2.5508     2.6363      0.209  29.232030  29.232136     3.0997     3.0972     0.5674     19.825       9873          5  0.000e+00
          5     19.642     1.3213     2.5508     2.6363      0.216  29.234138  29.232252     3.0999     3.0995     0.5674     19.825       9874          5  0.000e+00
          5     19.691     1.3213     2.5508     2.6363      0.229  29.235922  29.232483     3.0999     3.1014     0.5674     19.875       9875          5  0.000e+00
          5     19.697     1.3213     2.5508     2.6363      0.238  29.236950  29.232714     3.1002     3.1020     0.5674     19.881       9876          5  0.000e+00
          6     10.571     1.5166     2.5593     2.6448      0.597  29.261147  29.259780     3.1379     3.1375     0.6345     10.670      11127          6  0.000e+00
          6     10.559     1.5289     2.5606     2.6448      0.580  29.261796  29.259780     3.1381     3.1381     0.6345     10.657      11128          6  0.000e+00
          6     10.571     1.5289     2.5606     2.6448      0.561  29.262066  29.259607     3.1380     3.1383     0.6345     10.670      11129          6  0.000e+00
          6     10.571     1.5289     2.5593     2.6448      0.543  29.260660  29.259491     3.1377     3.1386     0.6345     10.670      11130          6  0.000e+00
          6     10.571     1.5289     2.5593     2.6436      0.522  29.260227  29.259491     3.1378     3.1381     0.6345     10.670      11131          6  0.000e+00
          6     10.571     1.5289     2.5593     2.6448      0.500  29.261201  29.259491     3.1380     3.1381     0.6345     10.670      11132          6  0.000e+00
          6     10.559     1.5289     2.5593     2.6436      0.479  29.261579  29.259664     3.1379     3.1375     0.6345     10.657      11133          6  0.000e+00
          6     10.571     1.5289     2.5593     2.6448      0.459  29.260282  29.259780     3.1381     3.1343     0.6345     10.670      11134          6  0.000e+00
          6     10.571     1.5289     2.5593     2.6448      0.440  29.257848  29.259549     3.1381     3.1301     0.6345     10.670      11135          6  0.000e+00
          6     10.571     1.5166     2.5593     2.6448      0.419  29.256550  29.259895     3.1384     3.1293     0.6345     10.670      11136          6  0.000e+00
          6     10.528     1.5166     2.5593     2.6448      0.394  29.256983  29.259838     3.1383     3.1301     0.6345     10.626      11137          6  0.000e+00
          6     10.559     1.5289     2.5593     2.6448      0.374  29.258227  29.259549     3.1381     3.1318     0.6345     10.657      11138          6  0.000e+00
          6     10.528     1.5289     2.5593     2.6448      0.350  29.258497  29.260184     3.1385     3.1314     0.6345     10.626      11139          6  0.000e+00
          6     10.528     1.5289     2.5593     2.6448      0.326  29.257091  29.259895     3.1384     3.1274     0.6345     10.626      11140          6  0.000e+00
          6     10.485     1.5289     2.5593     2.6448      0.301  29.255199  29.259780     3.1385     3.1244     0.6345     10.583      11141          6  0.000e+00
          6     10.485     1.5289     2.5593     2.6448      0.277  29.253522  29.259780     3.1384     3.1243     0.6345     10.583      11142          6  0.000e+00
          6     10.516     1.5166     2.5593     2.6460      0.254  29.254117  29.260473     3.1387     3.1281     0.6345     10.614      11143          6  0.000e+00
          6     10.436     1.5166     2.5593     2.6448      0.228  29.256063  29.260415     3.1387     3.1307     0.6345     10.533      11144          6  0.000e+00
          6     10.485     1.5044     2.5593     2.6436      0.206  29.257469  29.260357     3.1387     3.1315     0.6040     10.583      11145          6  0.000e+00
          6     10.436     1.5044     2.5593     2.6436      0.180  29.258172  29.260126     3.1385     3.1331     0.5796     10.533      11146          6  0.000e+00
          6     10.393     1.4922     2.5593     2.6448      0.155  29.258929  29.260415     3.1390     3.1342     0.5735     10.490      11147          6  0.000e+00
          6     10.424     1.5044     2.5593     2.6448      0.126  29.259740  29.260646     3.1389     3.1350     0.5735     10.521      11148          6  0.000e+00
          6     10.350     1.5044     2.5593     2.6448      0.104  29.259740  29.260819     3.1392     3.1355     0.5735     10.446      11149          6  0.000e+00
          6     10.350     1.5044     2.5593     2.6448      0.078  29.260659  29.260646     3.1390     3.1366     0.5735     10.446      11150          6  0.000e+00
          6     10.350     1.4922     2.5593     2.6448      0.054  29.261200  29.260588     3.1392     3.1372     0.5735     10.446      11151          6  0.000e+00
          6     10.301     1.5044     2.5593     2.6448      0.028  29.261308  29.260588     3.1392     3.1380     0.5735     10.397      11152          6  0.000e+00
          6     10.289     1.5044     2.5593     2.6448      0.003  29.261308  29.260415     3.1393     3.1380     0.5735     10.384      11153          6  0.000e+00
          6     10.301     1.5044     2.5593     2.6448     -0.021  29.261470  29.260530     3.1392     3.1380     0.5735     10.397      11154          6  0.000e+00
          6     10.166     1.5044     2.5593     2.6448     -0.051  29.261362  29.260414     3.1393     3.1381     0.5735     10.260      11155          6  0.000e+00
          6     10.301     1.5044     2.5593     2.6448     -0.070  29.261633  29.260357     3.1392     3.1385     0.5735     10.397      11156          6  0.000e+00
          6     10.215     1.5044     2.5593     2.6436     -0.093  29.261795  29.260588     3.1397     3.1386     0.5735     10.310      11157          6  0.000e+00
          6     10.153     1.5044     2.5593     2.6448     -0.120  29.261632  29.260588     3.1393     3.1386     0.5735     10.248      11158          6  0.000e+00
          6     10.166     1.5044     2.5593     2.6448     -0.140  29.261957  29.260588     3.1395     3.1388     0.5735     10.260      11159          6  0.000e+00
          6     10.122     1.5044     2.5593     2.6436     -0.164  29.262119  29.260588     3.1393     3.1386     0.5735     10.217      11160          6  0.000e+00
          6     10.079     1.5044     2.5593     2.6436     -0.188  29.262065  29.260414     3.1392     3.1389     0.5735     10.173      11161          6  0.000e+00
          6     10.079     1.5044     2.5593     2.6436     -0.211  29.262065  29.260587     3.1393     3.1393     0.5735     10.173      11162          6  0.000e+00
          6     10.018     1.5044     2.5606     2.6436     -0.234  29.262281  29.260818     3.1397     3.1394     0.5735     10.111      11163          6  0.000e+00
          6     10.030     1.5044     2.5593     2.6436     -0.255  29.262173  29.260876     3.1397     3.1393     0.5735     10.123      11164          6  0.000e+00
          6      9.987     1.5044     2.5593     2.6436     -0.277  29.262497  29.260876     3.1398     3.1396     0.5735     10.080      11165          6  0.000e+00
          6      9.944     1.5044     2.5593     2.6436     -0.296  29.262659  29.260645     3.1398     3.1397     0.5735     10.037      11166          6  0.000e+00
          6      9.944     1.5044     2.5593     2.6436     -0.318  29.262605  29.260818     3.1400     3.1393     0.5735     10.037      11167          6  0.000e+00
          6      9.926     1.5044     2.5593     2.6436     -0.337  29.262605  29.261280     3.1400     3.1394     0.5735     10.018      11168          6  0.000e+00
          6      9.852     1.5044     2.5593     2.6436     -0.359  29.262442  29.260991     3.1400     3.1397     0.5735      9.943      11169          6  0.000e+00
          6      9.852     1.4922     2.5593     2.6436     -0.376  29.261956  29.260876     3.1400     3.1392     0.5735      9.943      11170          6  0.000e+00
