staticdata/example_data/profile_data/CTD006.ros
* Sea-Bird SBE 9 Data File:
* FileName = C:\Sea-Bird Data\2018\DY-18-05\CTD\CTD006.hex
* Software Version Seasave V 7.23.2
* Temperature SN = 4379
* Conductivity SN = 042985
* Number of Bytes Per Scan = 37
* Number of Voltage Words = 4
* Number of Scans Averaged by the Deck Unit = 1
* NMEA Latitude = 56 48.44 N
* NMEA Longitude = 164 34.81 W
* NMEA UTC (Time) = May 01 2018  15:29:11
* NMEA baud rate = 4800
# nquan = 15
# nvalues = 343                                   
# units = specified
# name 0 = bpos: Bottle Position in Carousel
# name 1 = depSM: Depth [salt water, m]
# name 2 = flECO-AFL: Fluorescence, WET Labs ECO-AFL/FL [mg/m^3]
# name 3 = sbeox0V: Oxygen raw, SBE 43 [V]
# name 4 = sbeox1V: Oxygen raw, SBE 43, 2 [V]
# name 5 = dz/dtM: Descent Rate [m/s]
# name 6 = c1mS/cm: Conductivity, 2 [mS/cm]
# name 7 = c0mS/cm: Conductivity [mS/cm]
# name 8 = t090C: Temperature [ITS-90, deg C]
# name 9 = t190C: Temperature, 2 [ITS-90, deg C]
# name 10 = turbWETntu0: Turbidity, WET Labs ECO [NTU]
# name 11 = prDM: Pressure, Digiquartz [db]
# name 12 = scan: Scan Count
# name 13 = nbf: Bottles Fired
# name 14 = flag:  0.000e+00
# interval = seconds: 0.0416667
# start_time = May 01 2018 15:29:11 [NMEA time, header]
# bad_flag = -9.990e-29
*END*
[from data line 193]
          4     31.491     0.9306     2.5069     2.5899      0.718  29.553951  29.551404     3.3872     3.3882     0.6651     31.785      11180          4  0.000e+00
          4     31.534     0.9306     2.5069     2.5899      0.731  29.553354  29.550825     3.3859     3.3875     0.6651     31.828      11181          4  0.000e+00
          4     31.534     0.9306     2.5069     2.5899      0.741  29.552703  29.549491     3.3845     3.3861     0.6651     31.828      11182          4  0.000e+00
          5     21.099     1.0527     2.5179     2.6046      0.569  29.563692  29.561870     3.4142     3.4144     0.5369     21.295      12514          5  0.000e+00
          5     21.099     1.0527     2.5166     2.6046      0.552  29.563637  29.561812     3.4140     3.4144     0.5369     21.295      12515          5  0.000e+00
          5     21.099     1.0527     2.5166     2.6033      0.537  29.563800  29.561580     3.4139     3.4144     0.5369     21.295      12516          5  0.000e+00
          5     21.099     1.0527     2.5166     2.6046      0.518  29.563746  29.561290     3.4138     3.4141     0.5369     21.295      12517          5  0.000e+00
          5     21.099     1.0405     2.5179     2.6046      0.501  29.563854  29.561638     3.4141     3.4141     0.5369     21.295      12518          5  0.000e+00
          5     21.111     1.0527     2.5179     2.6033      0.482  29.563474  29.561348     3.4136     3.4139     0.5369     21.308      12519          5  0.000e+00
          5     21.099     1.0527     2.5179     2.6046      0.464  29.563746  29.561870     3.4131     3.4135     0.5369     21.295      12520          5  0.000e+00
          5     21.099     1.0527     2.5179     2.6046      0.443  29.563583  29.561406     3.4131     3.4134     0.5369     21.295      12521          5  0.000e+00
          5     21.056     1.0527     2.5179     2.6033      0.420  29.563149  29.560826     3.4128     3.4132     0.5369     21.252      12522          5  0.000e+00
          5     21.099     1.0527     2.5179     2.6033      0.400  29.563257  29.560884     3.4123     3.4135     0.5369     21.295      12523          5  0.000e+00
          5     21.056     1.0527     2.5179     2.6046      0.382  29.563420  29.560304     3.4118     3.4137     0.5369     21.252      12524          5  0.000e+00
          5     21.056     1.0527     2.5179     2.6033      0.357  29.563366  29.559898     3.4117     3.4137     0.5369     21.252      12525          5  0.000e+00
          5     21.013     1.0649     2.5179     2.6033      0.332  29.563528  29.560014     3.4117     3.4141     0.5369     21.209      12526          5  0.000e+00
          5     21.013     1.0893     2.5166     2.6033      0.306  29.563420  29.560710     3.4118     3.4141     0.5369     21.209      12527          5  0.000e+00
          5     21.013     1.0893     2.5179     2.6033      0.284  29.563637  29.560304     3.4118     3.4142     0.5369     21.209      12528          5  0.000e+00
          5     21.013     1.0771     2.5179     2.6033      0.260  29.563854  29.559898     3.4115     3.4147     0.5369     21.209      12529          5  0.000e+00
          5     21.013     1.0893     2.5179     2.6033      0.238  29.563908  29.559898     3.4112     3.4144     0.5369     21.209      12530          5  0.000e+00
          5     20.964     1.0893     2.5179     2.6033      0.212  29.563908  29.559434     3.4110     3.4139     0.5369     21.159      12531          5  0.000e+00
          5     20.921     1.0893     2.5166     2.6033      0.185  29.563148  29.559492     3.4107     3.4135     0.5369     21.115      12532          5  0.000e+00
          5     20.927     1.0893     2.5166     2.6033      0.154  29.563257  29.559608     3.4112     3.4132     0.5369     21.122      12533          5  0.000e+00
          5     20.921     1.0893     2.5166     2.6033      0.133  29.562714  29.559608     3.4112     3.4126     0.5369     21.115      12534          5  0.000e+00
          5     20.878     1.0893     2.5166     2.6033      0.107  29.562117  29.559608     3.4112     3.4122     0.5369     21.072      12535          5  0.000e+00
          5     20.878     1.0893     2.5166     2.6033      0.082  29.561845  29.559608     3.4114     3.4118     0.5369     21.072      12536          5  0.000e+00
          5     20.828     1.0893     2.5166     2.6033      0.055  29.561736  29.559782     3.4114     3.4118     0.5369     21.022      12537          5  0.000e+00
          5     20.828     1.0893     2.5166     2.6033      0.029  29.561736  29.559840     3.4112     3.4125     0.5369     21.022      12538          5  0.000e+00
          5     20.828     1.0893     2.5166     2.6033      0.007  29.562225  29.559840     3.4114     3.4131     0.5369     21.022      12539          5  0.000e+00
          5     20.785     1.0893     2.5166     2.6033     -0.019  29.562496  29.559665     3.4112     3.4135     0.5369     20.979      12540          5  0.000e+00
          5     20.742     1.0893     2.5166     2.6033     -0.046  29.562930  29.559607     3.4110     3.4139     0.5369     20.935      12541          5  0.000e+00
          5     20.742     1.0893     2.5179     2.6033     -0.071  29.563093  29.559607     3.4110     3.4141     0.5369     20.935      12542          5  0.000e+00
          5     20.693     1.0893     2.5179     2.6033     -0.096  29.563147  29.559607     3.4114     3.4141     0.5369     20.886      12543          5  0.000e+00
          5     20.650     1.0893     2.5179     2.6033     -0.123  29.563527  29.559607     3.4112     3.4142     0.5369     20.842      12544          5  0.000e+00
          5     20.650     1.0893     2.5166     2.6033     -0.147  29.563799  29.559607     3.4112     3.4144     0.5369     20.842      12545          5  0.000e+00
          5     20.607     1.0893     2.5166     2.6046     -0.172  29.563473  29.559375     3.4110     3.4145     0.5369     20.799      12546          5  0.000e+00
          5     20.607     1.0893     2.5166     2.6033     -0.197  29.563201  29.559491     3.4112     3.4144     0.5369     20.799      12547          5  0.000e+00
          5     20.570     1.0893     2.5166     2.6046     -0.221  29.562876  29.559607     3.4114     3.4135     0.5369     20.762      12548          5  0.000e+00
          5     20.515     1.0893     2.5166     2.6033     -0.243  29.562604  29.559665     3.4117     3.4132     0.5369     20.706      12549          5  0.000e+00
          5     20.515     1.0893     2.5166     2.6033     -0.268  29.562224  29.560013     3.4120     3.4125     0.5369     20.706      12550          5  0.000e+00
          5     20.472     1.0771     2.5166     2.6033     -0.291  29.562007  29.559896     3.4120     3.4120     0.5369     20.662      12551          5  0.000e+00
          5     20.472     1.0649     2.5166     2.6033     -0.313  29.561573  29.559839     3.4117     3.4115     0.5430     20.662      12552          5  0.000e+00
          5     20.379     1.0649     2.5166     2.6033     -0.336  29.561627  29.559432     3.4117     3.4116     0.5430     20.569      12553          5  0.000e+00
          5     20.423     1.0649     2.5166     2.6033     -0.355  29.561790  29.559490     3.4115     3.4115     0.5430     20.613      12554          5  0.000e+00
          5     20.336     1.0649     2.5166     2.6033     -0.377  29.561355  29.559374     3.4114     3.4113     0.5430     20.526      12555          5  0.000e+00
          5     20.336     1.0649     2.5166     2.6046     -0.398  29.561355  29.559316     3.4112     3.4115     0.5430     20.526      12556          5  0.000e+00
          5     20.287     1.0527     2.5179     2.6046     -0.419  29.561246  29.559316     3.4114     3.4110     0.5430     20.476      12557          5  0.000e+00
          5     20.244     1.0649     2.5179     2.6046     -0.439  29.561246  29.559490     3.4110     3.4113     0.5430     20.432      12558          5  0.000e+00
          5     20.244     1.0649     2.5179     2.6046     -0.460  29.561409  29.559606     3.4107     3.4112     0.5430     20.432      12559          5  0.000e+00
          5     20.201     1.0649     2.5166     2.6046     -0.475  29.561246  29.558910     3.4110     3.4112     0.5430     20.389      12560          5  0.000e+00
          5     20.201     1.0649     2.5179     2.6046     -0.493  29.561029  29.558736     3.4110     3.4110     0.5430     20.389      12561          5  0.000e+00
          5     20.109     1.0649     2.5179     2.6046     -0.513  29.561137  29.558909     3.4110     3.4112     0.5430     20.296      12562          5  0.000e+00
          6     11.848     1.1626     2.5215     2.6058      0.832  29.558996  29.557088     3.4125     3.4129     0.5552     11.958      13873          6  0.000e+00
          6     11.848     1.1626     2.5203     2.6058      0.825  29.558996  29.556914     3.4125     3.4128     0.5552     11.958      13874          6  0.000e+00
          6     11.891     1.1503     2.5203     2.6058      0.819  29.559159  29.557204     3.4126     3.4128     0.5552     12.002      13875          6  0.000e+00
          6     11.891     1.1626     2.5203     2.6058      0.812  29.559213  29.556914     3.4123     3.4128     0.5552     12.002      13876          6  0.000e+00
          6     11.891     1.1503     2.5203     2.6058      0.802  29.559213  29.556972     3.4125     3.4126     0.5552     12.002      13877          6  0.000e+00
          6     11.922     1.1503     2.5203     2.6058      0.791  29.559051  29.556856     3.4123     3.4126     0.5552     12.033      13878          6  0.000e+00
          6     11.940     1.1381     2.5203     2.6046      0.778  29.558942  29.557146     3.4121     3.4125     0.5430     12.051      13879          6  0.000e+00
          6     11.940     1.1259     2.5215     2.6046      0.768  29.558942  29.557320     3.4123     3.4126     0.5369     12.051      13880          6  0.000e+00
          6     11.940     1.1137     2.5215     2.6046      0.753  29.559213  29.557146     3.4125     3.4126     0.5369     12.051      13881          6  0.000e+00
          6     11.940     1.1137     2.5215     2.6058      0.738  29.559431  29.556856     3.4121     3.4128     0.5369     12.051      13882          6  0.000e+00
          6     11.983     1.1259     2.5215     2.6058      0.724  29.559268  29.556972     3.4123     3.4128     0.5369     12.095      13883          6  0.000e+00
          6     11.971     1.1259     2.5215     2.6046      0.707  29.559214  29.557088     3.4123     3.4129     0.5369     12.082      13884          6  0.000e+00
          6     11.940     1.1259     2.5215     2.6046      0.687  29.559051  29.557088     3.4123     3.4128     0.5369     12.051      13885          6  0.000e+00
          6     11.983     1.1259     2.5215     2.6046      0.669  29.559376  29.557088     3.4120     3.4128     0.5369     12.095      13886          6  0.000e+00
          6     11.983     1.1259     2.5215     2.6046      0.651  29.559485  29.557088     3.4121     3.4134     0.5369     12.095      13887          6  0.000e+00
          6     11.983     1.1259     2.5203     2.6046      0.634  29.559539  29.557088     3.4121     3.4131     0.5369     12.095      13888          6  0.000e+00
          6     11.940     1.1259     2.5203     2.6046      0.610  29.559268  29.556856     3.4121     3.4129     0.5369     12.051      13889          6  0.000e+00
          6     11.971     1.1137     2.5203     2.6046      0.588  29.558996  29.557146     3.4121     3.4128     0.5369     12.082      13890          6  0.000e+00
          6     11.983     1.1137     2.5203     2.6046      0.566  29.559322  29.557146     3.4123     3.4128     0.5369     12.095      13891          6  0.000e+00
          6     11.940     1.1259     2.5203     2.6046      0.542  29.559322  29.557088     3.4121     3.4128     0.5369     12.051      13892          6  0.000e+00
          6     11.983     1.1259     2.5203     2.6046      0.519  29.558996  29.557088     3.4125     3.4126     0.5369     12.095      13893          6  0.000e+00
          6     11.940     1.1259     2.5215     2.6046      0.496  29.559105  29.557088     3.4123     3.4125     0.5369     12.051      13894          6  0.000e+00
          6     11.940     1.1259     2.5215     2.6046      0.470  29.558888  29.556914     3.4125     3.4126     0.5369     12.051      13895          6  0.000e+00
          6     11.922     1.1259     2.5203     2.6046      0.443  29.559105  29.556798     3.4121     3.4128     0.5369     12.033      13896          6  0.000e+00
          6     11.891     1.1259     2.5203     2.6046      0.415  29.558779  29.556972     3.4123     3.4126     0.5369     12.002      13897          6  0.000e+00
          6     11.891     1.1259     2.5215     2.6046      0.389  29.559050  29.556624     3.4123     3.4126     0.5369     12.001      13898          6  0.000e+00
          6     11.891     1.1259     2.5215     2.6046      0.360  29.559050  29.556682     3.4125     3.4125     0.5369     12.001      13899          6  0.000e+00
          6     11.848     1.1259     2.5215     2.6046      0.332  29.559159  29.556798     3.4123     3.4126     0.5369     11.958      13900          6  0.000e+00
          6     11.836     1.1259     2.5215     2.6046      0.305  29.559213  29.556972     3.4123     3.4126     0.5369     11.946      13901          6  0.000e+00
          6     11.805     1.1259     2.5215     2.6046      0.275  29.558996  29.556624     3.4121     3.4125     0.5369     11.915      13902          6  0.000e+00
          6     11.805     1.1259     2.5215     2.6046      0.245  29.558616  29.556914     3.4121     3.4125     0.5369     11.915      13903          6  0.000e+00
          6     11.756     1.1259     2.5215     2.6046      0.214  29.558833  29.556624     3.4121     3.4123     0.5308     11.865      13904          6  0.000e+00
          6     11.756     1.1259     2.5203     2.6046      0.182  29.558724  29.556914     3.4121     3.4123     0.5246     11.865      13905          6  0.000e+00
          6     11.756     1.1381     2.5215     2.6046      0.152  29.558942  29.556856     3.4121     3.4123     0.5185     11.865      13906          6  0.000e+00
          6     11.651     1.1381     2.5215     2.6046      0.118  29.558724  29.556971     3.4120     3.4125     0.5185     11.759      13907          6  0.000e+00
          6     11.670     1.1381     2.5215     2.6046      0.087  29.558833  29.556623     3.4120     3.4123     0.5185     11.778      13908          6  0.000e+00
          6     11.670     1.1381     2.5215     2.6058      0.052  29.558507  29.556913     3.4123     3.4126     0.5185     11.778      13909          6  0.000e+00
          6     11.621     1.1381     2.5215     2.6058      0.026  29.558670  29.556855     3.4120     3.4125     0.5185     11.728      13910          6  0.000e+00
          6     11.577     1.1381     2.5215     2.6046     -0.006  29.558887  29.556971     3.4121     3.4125     0.5185     11.685      13911          6  0.000e+00
          6     11.534     1.1381     2.5215     2.6046     -0.040  29.558724  29.556623     3.4121     3.4126     0.5185     11.641      13912          6  0.000e+00
          6     11.516     1.1259     2.5203     2.6046     -0.073  29.558724  29.556681     3.4120     3.4126     0.5185     11.623      13913          6  0.000e+00
          6     11.485     1.1381     2.5203     2.6046     -0.104  29.558669  29.556797     3.4120     3.4126     0.5185     11.592      13914          6  0.000e+00
          6     11.485     1.1381     2.5203     2.6046     -0.133  29.558669  29.556565     3.4120     3.4128     0.5185     11.592      13915          6  0.000e+00
          6     11.442     1.1381     2.5215     2.6046     -0.163  29.558669  29.556913     3.4120     3.4126     0.5185     11.548      13916          6  0.000e+00
